m0              = 0.0               
m0_err          = 0.0               
c0              = 4.62497           
c0_err          = 0.0               
m1              = 2.33984           
m1_err          = 0.0159425         
c1              = -0.619646         
c1_err          = 0.0157443         
m2              = 3.81532           
m2_err          = 0.106003          
c2              = -0.280306         
c2_err          = 0.0638004         
m3              = 3.59723           
m3_err          = 0.101016          
c3              = 0.0511911         
c3_err          = 0.0607991         
m4              = 3.70934           
m4_err          = 0.104179          
c4              = -0.0299114        
c4_err          = 0.0627025         
m5              = 3.87133           
m5_err          = 0.102648          
c5              = -0.253673         
c5_err          = 0.0617814         
m6              = 3.81221           
m6_err          = 0.107673          
c6              = -0.32198          
c6_err          = 0.0648055         
m7              = 3.87631           
m7_err          = 0.0954849         
c7              = -0.163198         
c7_err          = 0.0574699         
