m0              = 0.0               
m0_err          = 0.0               
c0              = 4.62497           
c0_err          = 0.0               
m1              = 0.325696          
m1_err          = 0.00898674        
c1              = -2.40385          
c1_err          = 0.00887505        
m2              = 0.88713           
m2_err          = 0.0728203         
c2              = -2.69658          
c2_err          = 0.0719152         
m3              = 1.39989           
m3_err          = 0.109042          
c3              = -2.42768          
c3_err          = 0.107687          
m4              = 1.2253            
m4_err          = 0.134703          
c4              = -2.07177          
c4_err          = 0.133029          
m5              = 0.527929          
m5_err          = 0.0459756         
c5              = -0.936368         
c5_err          = 0.0454042         
m6              = 0.474226          
m6_err          = 0.0284607         
c6              = -0.244593         
c6_err          = 0.028107          
m7              = 0.515251          
m7_err          = 0.0152688         
c7              = -0.251536         
c7_err          = 0.015079          
m8              = 0.85608           
m8_err          = 0.03616           
c8              = -0.935106         
c8_err          = 0.0357106         
m9              = 1.22044           
m9_err          = 0.0470627         
c9              = -1.52811          
c9_err          = 0.0464778         
m10             = 1.11823           
m10_err         = 0.0856799         
c10             = -1.86999          
c10_err         = 0.084615          
m11             = 0.669548          
m11_err         = 0.0758468         
c11             = -1.79639          
c11_err         = 0.0749041         
m12             = 1.02093           
m12_err         = 0.119233          
c12             = -2.10313          
c12_err         = 0.117751          
m13             = 1.26514           
m13_err         = 0.110295          
c13             = -1.87504          
c13_err         = 0.108924          
m14             = 1.56531           
m14_err         = 0.0593139         
c14             = -1.55778          
c14_err         = 0.0585767         
m15             = 1.46269           
m15_err         = 0.040571          
c15             = -1.18992          
c15_err         = 0.0400667         
