m0              = 0.0               
m0_err          = 0.0               
c0              = 4.62497           
c0_err          = 0.0               
m1              = 0.764149          
m1_err          = 0.012503          
c1              = -0.71899          
c1_err          = 0.0123476         
m2              = 1.80212           
m2_err          = 0.196829          
c2              = -0.891686         
c2_err          = 0.194383          
m3              = 1.74529           
m3_err          = 0.398342          
c3              = -1.09579          
c3_err          = 0.393391          
m4              = 1.76874           
m4_err          = 0.307852          
c4              = -0.827563         
c4_err          = 0.304025          
m5              = 2.06859           
m5_err          = 0.329329          
c5              = -0.523407         
c5_err          = 0.325236          
m6              = 2.4918            
m6_err          = 0.3146            
c6              = -0.374351         
c6_err          = 0.28036           
m7              = 3.69607           
m7_err          = 0.216142          
c7              = 0.14922           
c7_err          = 0.150936          
m8              = 3.45811           
m8_err          = 0.414936          
c8              = -0.0837364        
c8_err          = 0.24974           
m9              = 3.74372           
m9_err          = 0.440094          
c9              = -0.106081         
c9_err          = 0.264881          
m10             = 3.127             
m10_err         = 0.224719          
c10             = -0.349856         
c10_err         = 0.135253          
m11             = 4.30804           
m11_err         = 0.717421          
c11             = -0.304111         
c11_err         = 0.362589          
m12             = 4.00937           
m12_err         = 0.189029          
c12             = -0.26701          
c12_err         = 0.0955364         
m13             = 4.59248           
m13_err         = 0.144415          
c13             = -0.07426          
c13_err         = 0.0590502         
m14             = 4.03311           
m14_err         = 0.0898959         
c14             = -0.089116         
c14_err         = 0.0367578         
m15             = 4.15081           
m15_err         = 0.165963          
c15             = -0.039492         
c15_err         = 0.067861          
