m0              = 0.0               
m0_err          = 0.0               
c0              = 4.62497           
c0_err          = 0.0               
m1              = 0.735004          
m1_err          = 0.000969864       
c1              = -0.702052         
c1_err          = 0.00095781        
m2              = 2.26488           
m2_err          = 0.0129704         
c2              = -0.615336         
c2_err          = 0.0128092         
m3              = 3.52494           
m3_err          = 0.0574272         
c3              = -0.462593         
c3_err          = 0.034564          
m4              = 3.87965           
m4_err          = 0.0889843         
c4              = -0.280206         
c4_err          = 0.0535574         
m5              = 3.68085           
m5_err          = 0.108116          
c5              = -0.0893204        
c5_err          = 0.0650723         
m6              = 3.58391           
m6_err          = 0.0938759         
c6              = 0.0578729         
c6_err          = 0.0565015         
m7              = 3.55258           
m7_err          = 0.0946526         
c7              = 0.0687871         
c7_err          = 0.056969          
m8              = 3.63579           
m8_err          = 0.108901          
c8              = -0.0346225        
c8_err          = 0.0655446         
m9              = 3.82143           
m9_err          = 0.0957951         
c9              = -0.147608         
c9_err          = 0.0576566         
m10             = 3.90062           
m10_err         = 0.0913156         
c10             = -0.249075         
c10_err         = 0.0549605         
m11             = 3.83854           
m11_err         = 0.110187          
c11             = -0.31414          
c11_err         = 0.066319          
m12             = 3.87358           
m12_err         = 0.0815719         
c12             = -0.296308         
c12_err         = 0.0490961         
m13             = 3.84962           
m13_err         = 0.094685          
c13             = -0.247468         
c13_err         = 0.0569885         
m14             = 3.84723           
m14_err         = 0.0938742         
c14             = -0.151758         
c14_err         = 0.0565005         
m15             = 3.79127           
m15_err         = 0.0939374         
c15             = -0.06072          
c15_err         = 0.0565386         
