m0              = 0.0               
m0_err          = 0.0               
c0              = 4.62497           
c0_err          = 0.0               
m1              = 0.516529          
m1_err          = 0.0132215         
c1              = -2.38779          
c1_err          = 0.0130572         
m2              = 1.50151           
m2_err          = 0.122709          
c2              = -2.50686          
c2_err          = 0.121183          
m3              = 2.11396           
m3_err          = 0.207857          
c3              = -2.43509          
c3_err          = 0.205274          
m4              = 2.06286           
m4_err          = 0.207043          
c4              = -1.95219          
c4_err          = 0.20447           
m5              = 0.805054          
m5_err          = 0.0653445         
c5              = -0.885454         
c5_err          = 0.0645324         
m6              = 0.597492          
m6_err          = 0.0254874         
c6              = 0.0123332         
c6_err          = 0.0251707         
m7              = 0.746552          
m7_err          = 0.0164544         
c7              = -0.0353345        
c7_err          = 0.0162498         
m8              = 1.37499           
m8_err          = 0.0709627         
c8              = -0.743568         
c8_err          = 0.0700808         
m9              = 1.65835           
m9_err          = 0.205432          
c9              = -1.63896          
c9_err          = 0.202879          
m10             = 0.957498          
m10_err         = 0.277203          
c10             = -2.08261          
c10_err         = 0.273758          
m11             = 1.66432           
m11_err         = 0.213291          
c11             = -1.72109          
c11_err         = 0.21064           
m12             = 1.84603           
m12_err         = 0.104774          
c12             = -1.86241          
c12_err         = 0.103472          
m13             = 1.54226           
m13_err         = 0.207439          
c13             = -1.95412          
c13_err         = 0.204861          
m14             = 1.69053           
m14_err         = 0.23928           
c14             = -1.57242          
c14_err         = 0.213237          
m15             = 2.17505           
m15_err         = 0.0561615         
c15             = -1.02499          
c15_err         = 0.0338022         
