m0              = 0.0               
m0_err          = 0.0               
c0              = 4.62497           
c0_err          = 0.0               
m1              = 0.80595           
m1_err          = 0.00930368        
c1              = -0.758247         
c1_err          = 0.00918805        
m2              = 2.10702           
m2_err          = 0.289738          
c2              = -0.907443         
c2_err          = 0.286136          
m3              = 1.88639           
m3_err          = 0.331497          
c3              = -1.01591          
c3_err          = 0.327377          
m4              = 2.0843            
m4_err          = 0.339919          
c4              = -0.926852         
c4_err          = 0.321486          
m5              = 2.25054           
m5_err          = 0.288331          
c5              = -0.546776         
c5_err          = 0.238507          
m6              = 2.55233           
m6_err          = 0.395142          
c6              = -0.28092          
c6_err          = 0.32686           
m7              = 3.72173           
m7_err          = 0.207519          
c7              = 0.150942          
c7_err          = 0.144915          
m8              = 2.84502           
m8_err          = 0.253522          
c8              = -0.16532          
c8_err          = 0.177039          
m9              = 3.49534           
m9_err          = 0.168379          
c9              = -0.139386         
c9_err          = 0.101343          
m10             = 3.11017           
m10_err         = 0.369261          
c10             = -0.390953         
c10_err         = 0.222249          
m11             = 3.28678           
m11_err         = 0.364744          
c11             = -0.257207         
c11_err         = 0.21953           
m12             = 4.41856           
m12_err         = 0.271161          
c12             = -0.165524         
c12_err         = 0.137046          
m13             = 3.94667           
m13_err         = 0.137781          
c13             = -0.21418          
c13_err         = 0.0696352         
m14             = 3.014             
m14_err         = 0.193772          
c14             = -0.216922         
c14_err         = 0.0979332         
m15             = 4.10118           
m15_err         = 0.226443          
c15             = -0.00967143       
c15_err         = 0.114445          
