m0              = 0.0               
m0_err          = 0.0               
c0              = 4.62497           
c0_err          = 0.0               
m1              = 0.756967          
m1_err          = 0.0126027         
c1              = -1.51227          
c1_err          = 0.0124461         
m2              = 2.02497           
m2_err          = 0.0709591         
c2              = -1.45714          
c2_err          = 0.0700772         
m3              = 2.16354           
m3_err          = 0.318485          
c3              = -1.6303           
c3_err          = 0.314527          
m4              = 1.49171           
m4_err          = 0.24833           
c4              = -1.10254          
c4_err          = 0.245243          
m5              = 1.20819           
m5_err          = 0.206056          
c5              = -0.421042         
c5_err          = 0.203495          
m6              = 1.26434           
m6_err          = 0.0261957         
c6              = 0.459345          
c6_err          = 0.0258701         
m7              = 1.6761            
m7_err          = 0.208644          
c7              = 0.603461          
c7_err          = 0.206051          
m8              = 1.77214           
m8_err          = 0.0569451         
c8              = 0.0953364         
c8_err          = 0.0562373         
m9              = 1.74379           
m9_err          = 0.15486           
c9              = -0.483011         
c9_err          = 0.152935          
m10             = 1.77449           
m10_err         = 0.162204          
c10             = -0.983603         
c10_err         = 0.160188          
m11             = 1.85645           
m11_err         = 0.312267          
c11             = -1.23451          
c11_err         = 0.308386          
m12             = 2.00566           
m12_err         = 0.302581          
c12             = -1.15119          
c12_err         = 0.29882           
m13             = 2.03319           
m13_err         = 0.183782          
c13             = -0.817495         
c13_err         = 0.163779          
m14             = 1.96729           
m14_err         = 0.181137          
c14             = -0.559068         
c14_err         = 0.149836          
m15             = 2.13182           
m15_err         = 0.0653719         
c15             = 0.00158083        
c15_err         = 0.0456504         
