m0              = 0.0               
m0_err          = 0.0               
c0              = 4.62497           
c0_err          = 0.0               
m1              = 0.569935          
m1_err          = 0.00713747        
c1              = -0.102905         
c1_err          = 0.00704876        
m2              = 1.62582           
m2_err          = 0.0640405         
c2              = -0.207497         
c2_err          = 0.0632446         
m3              = 2.34868           
m3_err          = 0.355136          
c3              = -0.76779          
c3_err          = 0.350722          
m4              = 2.51362           
m4_err          = 0.528374          
c4              = -1.02678          
c4_err          = 0.419923          
m5              = 2.08233           
m5_err          = 0.757977          
c5              = -1.4959           
c5_err          = 0.602399          
m6              = 2.31522           
m6_err          = 0.810356          
c6              = -1.36333          
c6_err          = 0.595431          
m7              = 3.12329           
m7_err          = 1.24152           
c7              = -1.18492          
c7_err          = 0.73273           
m8              = 3.59971           
m8_err          = 0.796225          
c8              = -0.859803         
c8_err          = 0.469921          
m9              = 4.31106           
m9_err          = 0.881536          
c9              = -0.57494          
c9_err          = 0.410981          
m10             = 4.34848           
m10_err         = 1.47551           
c10             = -0.596419         
c10_err         = 0.687898          
m11             = 5.58514           
m11_err         = 0.0824358         
c11             = -0.087828         
c11_err         = 0.0257445         
m12             = 6.78843           
m12_err         = 0.768235          
c12             = -0.024157         
c12_err         = 0.239918          
m13             = 8.82562           
m13_err         = 1.06568           
c13             = -0.0327133        
c13_err         = 0.229659          
m14             = 7.45348           
m14_err         = 0.101753          
c14             = -0.104617         
c14_err         = 0.0219284         
m15             = 7.90442           
m15_err         = 0.0787013         
c15             = -0.164565         
c15_err         = 0.0169606         
