m0              = 0.0               
m0_err          = 0.0               
c0              = 4.62497           
c0_err          = 0.0               
m1              = 0.574626          
m1_err          = 0.0100781         
c1              = -0.284262         
c1_err          = 0.00995288        
m2              = 2.07991           
m2_err          = 0.0583504         
c2              = -0.189165         
c2_err          = 0.0576251         
m3              = 2.02215           
m3_err          = 0.426785          
c3              = -1.04781          
c3_err          = 0.42148           
m4              = 2.23184           
m4_err          = 0.448715          
c4              = -1.05543          
c4_err          = 0.399878          
m5              = 2.10943           
m5_err          = 0.547064          
c5              = -1.27222          
c5_err          = 0.467636          
m6              = 2.22261           
m6_err          = 0.619355          
c6              = -1.41802          
c6_err          = 0.52943           
m7              = 2.61893           
m7_err          = 0.883351          
c7              = -1.18402          
c7_err          = 0.607984          
m8              = 2.44515           
m8_err          = 0.672335          
c8              = -1.03042          
c8_err          = 0.462748          
m9              = 3.7427            
m9_err          = 0.621148          
c9              = -0.56096          
c9_err          = 0.313932          
m10             = 6.78626           
m10_err         = 0.525222          
c10             = 0.049164          
c10_err         = 0.164025          
m11             = 5.08105           
m11_err         = 0.336399          
c11             = -0.193105         
c11_err         = 0.105057          
m12             = 4.72308           
m12_err         = 0.93893           
c12             = -0.222578         
c12_err         = 0.293226          
m13             = 5.79379           
m13_err         = 0.505157          
c13             = -0.063048         
c13_err         = 0.157759          
m14             = 5.86686           
m14_err         = 0.177058          
c14             = -0.134175         
c14_err         = 0.0552948         
m15             = 6.88309           
m15_err         = 0.0866907         
c15             = -0.042265         
c15_err         = 0.0186823         
