m0              = 0.0               
m0_err          = 0.0               
c0              = 4.62497           
c0_err          = 0.0               
m1              = 4.37703           
m1_err          = 0.113256          
c1              = -0.18981          
c1_err          = 0.0572401         
m2              = 4.66392           
m2_err          = 0.104192          
c2              = -0.00521857       
c2_err          = 0.0526594         
m3              = 4.24359           
m3_err          = 0.102826          
c3              = -0.252117         
c3_err          = 0.0519688         
