m0 = 0.00000
c0 = 0.69315
m1 = 0.00000
c1 = nan
