m0 = 0.00000
c0 = 2.07944
m1 = 0.00000
c1 = nan
m2 = 6.21967
c2 = -0.11369
m3 = 0.86920
c3 = -0.33923
