m0 = 0.00000
c0 = 2.07944
m1 = 0.00000
c1 = nan
m2 = 6.19662
c2 = -0.11261
m3 = 0.86747
c3 = -0.33837
