m0              = 0.0               
m0_err          = 0.0               
c0              = 4.62497           
c0_err          = 0.0               
m1              = 0.891983          
m1_err          = 0.00101945        
c1              = -1.21323          
c1_err          = 0.00100678        
m2              = 2.8897            
m2_err          = 0.00733981        
c2              = -1.08669          
c2_err          = 0.00583329        
m3              = 4.64358           
m3_err          = 0.0145791         
c3              = -0.879828         
c3_err          = 0.00736836        
m4              = 4.54392           
m4_err          = 0.469359          
c4              = -0.79238          
c4_err          = 0.237217          
m5              = 4.70932           
m5_err          = 0.27851           
c5              = -0.449897         
c5_err          = 0.14076           
m6              = 4.78617           
m6_err          = 0.0193313         
c6              = -0.18183          
c6_err          = 0.00790445        
m7              = 4.79402           
m7_err          = 0.0103798         
c7              = -0.167116         
c7_err          = 0.00424421        
m8              = 5.02036           
m8_err          = 0.0304857         
c8              = -0.286298         
c8_err          = 0.0124654         
m9              = 5.319             
m9_err          = 0.0159345         
c9              = -0.44264          
c9_err          = 0.00651552        
m10             = 5.3789            
m10_err         = 0.0126077         
c10             = -0.57248          
c10_err         = 0.0051552         
m11             = 5.35078           
m11_err         = 0.00760702        
c11             = -0.633452         
c11_err         = 0.00311046        
m12             = 5.33748           
m12_err         = 0.0157092         
c12             = -0.638372         
c12_err         = 0.00642337        
m13             = 5.31057           
m13_err         = 0.0281619         
c13             = -0.573318         
c13_err         = 0.0115152         
m14             = 5.30132           
m14_err         = 0.0259396         
c14             = -0.447416         
c14_err         = 0.0106065         
m15             = 5.16256           
m15_err         = 0.0151722         
c15             = -0.335334         
c15_err         = 0.00620383        
