m0              = 0.0               
m0_err          = 0.0               
c0              = 4.62497           
c0_err          = 0.0               
m1              = 0.276216          
m1_err          = 0.00292823        
c1              = -2.44851          
c1_err          = 0.00289183        
m2              = 0.960232          
m2_err          = 0.0176322         
c2              = -2.51731          
c2_err          = 0.0174131         
m3              = 1.55236           
m3_err          = 0.0491049         
c3              = -2.5104           
c3_err          = 0.0484946         
m4              = 1.38685           
m4_err          = 0.0883691         
c4              = -2.36603          
c4_err          = 0.0872707         
m5              = 0.211638          
m5_err          = 0.0295426         
c5              = -0.879782         
c5_err          = 0.0291754         
m6              = 0.444412          
m6_err          = 0.0368473         
c6              = -1.12858          
c6_err          = 0.0363894         
m7              = 0.451157          
m7_err          = 0.0295081         
c7              = -0.992675         
c7_err          = 0.0291413         
m8              = 0.657078          
m8_err          = 0.0363965         
c8              = -1.32581          
c8_err          = 0.0359441         
m9              = 1.19515           
m9_err          = 0.0518062         
c9              = -1.82317          
c9_err          = 0.0511623         
m10             = 1.2017            
m10_err         = 0.0942146         
c10             = -2.12748          
c10_err         = 0.0930436         
m11             = 0.316139          
m11_err         = 0.0523938         
c11             = -1.46723          
c11_err         = 0.0517426         
m12             = 1.54311           
m12_err         = 0.100818          
c12             = -2.27227          
c12_err         = 0.0995645         
m13             = 1.74137           
m13_err         = 0.0723853         
c13             = -2.08201          
c13_err         = 0.0714857         
m14             = 1.73479           
m14_err         = 0.0473549         
c14             = -1.75782          
c14_err         = 0.0467663         
m15             = 1.24807           
m15_err         = 0.039596          
c15             = -1.37486          
c15_err         = 0.0391039         
