m0              = 0.0               
m0_err          = 0.0               
c0              = 4.62497           
c0_err          = 0.0               
m1              = 0.705179          
m1_err          = 0.000345438       
c1              = -0.699247         
c1_err          = 0.000341145       
m2              = 2.37886           
m2_err          = 0.00958871        
c2              = -0.638208         
c2_err          = 0.00946954        
m3              = 4.2471            
m3_err          = 0.0244172         
c3              = -0.516173         
c3_err          = 0.0123406         
m4              = 5.56082           
m4_err          = 0.0227767         
c4              = -0.386244         
c4_err          = 0.00931323        
m5              = 6.01625           
m5_err          = 0.160698          
c5              = -0.31656          
c5_err          = 0.0657085         
m6              = 6.01055           
m6_err          = 0.338802          
c6              = -0.295242         
c6_err          = 0.138534          
m7              = 5.9356            
m7_err          = 0.388736          
c7              = -0.304322         
c7_err          = 0.158951          
m8              = 6.08374           
m8_err          = 0.207539          
c8              = -0.296508         
c8_err          = 0.0848614         
m9              = 6.16065           
m9_err          = 0.0119156         
c9              = -0.298083         
c9_err          = 0.00372122        
m10             = 5.78398           
m10_err         = 0.0121927         
c10             = -0.358429         
c10_err         = 0.00380774        
m11             = 5.50776           
m11_err         = 0.0277244         
c11             = -0.393786         
c11_err         = 0.00865826        
m12             = 5.49818           
m12_err         = 0.030661          
c12             = -0.394816         
c12_err         = 0.00957534        
m13             = 5.77238           
m13_err         = 0.0194544         
c13             = -0.356874         
c13_err         = 0.00607556        
m14             = 6.08247           
m14_err         = 0.033446          
c14             = -0.309397         
c14_err         = 0.0104451         
m15             = 6.37918           
m15_err         = 0.0153075         
c15             = -0.253426         
c15_err         = 0.00478049        
