m0              = 0.0               
m0_err          = 0.0               
c0              = 4.62497           
c0_err          = 0.0               
m1              = 0.65804           
m1_err          = 0.000462813       
c1              = -0.48306          
c1_err          = 0.000457061       
m2              = 2.26891           
m2_err          = 0.00323475        
c2              = -0.431125         
c2_err          = 0.00319455        
m3              = 4.10195           
m3_err          = 0.0239807         
c3              = -0.344644         
c3_err          = 0.01212           
m4              = 5.61769           
m4_err          = 0.0149459         
c4              = -0.24104          
c4_err          = 0.00611129        
m5              = 6.09356           
m5_err          = 0.25951           
c5              = -0.226186         
c5_err          = 0.106112          
m6              = 5.90398           
m6_err          = 0.576206          
c6              = -0.272976         
c6_err          = 0.235607          
m7              = 5.97295           
m7_err          = 0.554175          
c7              = -0.263176         
c7_err          = 0.226599          
m8              = 6.11692           
m8_err          = 0.345203          
c8              = -0.23171          
c8_err          = 0.141151          
m9              = 6.23806           
m9_err          = 0.0320928         
c9              = -0.18138          
c9_err          = 0.0100225         
m10             = 5.81335           
m10_err         = 0.0174708         
c10             = -0.223283         
c10_err         = 0.00545608        
m11             = 5.5543            
m11_err         = 0.0031889         
c11             = -0.241864         
c11_err         = 0.000995884       
m12             = 5.55516           
m12_err         = 0.00795042        
c12             = -0.242068         
c12_err         = 0.0024829         
m13             = 5.81234           
m13_err         = 0.0334473         
c13             = -0.223254         
c13_err         = 0.0104455         
m14             = 6.21728           
m14_err         = 0.0349022         
c14             = -0.188685         
c14_err         = 0.0108999         
m15             = 6.59883           
m15_err         = 0.0204398         
c15             = -0.147042         
c15_err         = 0.0063833         
