m0              = 0.0               
m0_err          = 0.0               
c0              = 4.62497           
c0_err          = 0.0               
m1              = 0.102106          
m1_err          = 0.00230126        
c1              = -2.63708          
c1_err          = 0.00227266        
m2              = 0.2531            
m2_err          = 0.0185844         
c2              = -2.88097          
c2_err          = 0.0183534         
m3              = 0.324679          
m3_err          = 0.0376673         
c3              = -2.89999          
c3_err          = 0.0371991         
m4              = 0.391069          
m4_err          = 0.0426448         
c4              = -2.61972          
c4_err          = 0.0421147         
m5              = 0.18884           
m5_err          = 0.0169806         
c5              = -1.42048          
c5_err          = 0.0167696         
m6              = 0.253554          
m6_err          = 0.0126586         
c6              = -1.20036          
c6_err          = 0.0125013         
m7              = 0.2491            
m7_err          = 0.0111897         
c7              = -1.1114           
c7_err          = 0.0110507         
m8              = 0.339162          
m8_err          = 0.016697          
c8              = -1.53424          
c8_err          = 0.0164895         
m9              = 0.477124          
m9_err          = 0.0307268         
c9              = -2.0861           
c9_err          = 0.0303449         
m10             = 0.438462          
m10_err         = 0.045236          
c10             = -2.38444          
c10_err         = 0.0446738         
m11             = 0.212675          
m11_err         = 0.0311656         
c11             = -2.02166          
c11_err         = 0.0307783         
m12             = 0.423956          
m12_err         = 0.0515864         
c12             = -2.57283          
c12_err         = 0.0509453         
m13             = 0.466651          
m13_err         = 0.0501191         
c13             = -2.46955          
c13_err         = 0.0494962         
m14             = 0.541812          
m14_err         = 0.0449133         
c14             = -2.2366           
c14_err         = 0.044355          
m15             = 0.564987          
m15_err         = 0.0290671         
c15             = -1.83414          
c15_err         = 0.0287059         
