m0              = 0.0               
m0_err          = 0.0               
c0              = 4.62497           
c0_err          = 0.0               
m1              = 0.658247          
m1_err          = 0.00544687        
c1              = -1.67256          
c1_err          = 0.00537917        
m2              = 1.58241           
m2_err          = 0.0517301         
c2              = -1.67707          
c2_err          = 0.0510871         
m3              = 1.9032            
m3_err          = 0.0929519         
c3              = -1.53348          
c3_err          = 0.0917967         
m4              = 1.74612           
m4_err          = 0.0835232         
c4              = -1.04043          
c4_err          = 0.0824851         
m5              = 1.26264           
m5_err          = 0.0479476         
c5              = -0.264483         
c5_err          = 0.0473517         
m6              = 0.80614           
m6_err          = 0.0218377         
c6              = 0.466245          
c6_err          = 0.0215663         
m7              = 0.802053          
m7_err          = 0.0206712         
c7              = 0.492719          
c7_err          = 0.0204143         
m8              = 1.18003           
m8_err          = 0.0375527         
c8              = -0.0672809        
c8_err          = 0.0370859         
m9              = 1.58256           
m9_err          = 0.0591068         
c9              = -0.590516         
c9_err          = 0.0583722         
m10             = 1.71358           
m10_err         = 0.0823047         
c10             = -0.936828         
c10_err         = 0.0812818         
m11             = 1.71685           
m11_err         = 0.0970667         
c11             = -1.10763          
c11_err         = 0.0958602         
m12             = 1.7529            
m12_err         = 0.0869253         
c12             = -1.0954           
c12_err         = 0.0858449         
m13             = 1.72067           
m13_err         = 0.0778045         
c13             = -0.939826         
c13_err         = 0.0768375         
m14             = 1.68005           
m14_err         = 0.0557421         
c14             = -0.605612         
c14_err         = 0.0550493         
m15             = 1.49542           
m15_err         = 0.034727          
c15             = -0.222915         
c15_err         = 0.0342954         
