m0              = 0.0               
m0_err          = 0.0               
c0              = 4.62497           
c0_err          = 0.0               
m1              = 0.103491          
m1_err          = 0.00218332        
c1              = -2.63323          
c1_err          = 0.00215619        
m2              = 0.254984          
m2_err          = 0.0185194         
c2              = -2.87331          
c2_err          = 0.0182892         
m3              = 0.32587           
m3_err          = 0.0378993         
c3              = -2.88939          
c3_err          = 0.0374282         
m4              = 0.395167          
m4_err          = 0.0428608         
c4              = -2.6124           
c4_err          = 0.0423281         
m5              = 0.191966          
m5_err          = 0.0173883         
c5              = -1.41899          
c5_err          = 0.0171722         
m6              = 0.2564            
m6_err          = 0.0127376         
c6              = -1.1948           
c6_err          = 0.0125793         
m7              = 0.252136          
m7_err          = 0.011291          
c7              = -1.10583          
c7_err          = 0.0111507         
m8              = 0.342515          
m8_err          = 0.0166278         
c8              = -1.5278           
c8_err          = 0.0164212         
m9              = 0.479682          
m9_err          = 0.0307729         
c9              = -2.07983          
c9_err          = 0.0303905         
m10             = 0.439619          
m10_err         = 0.0455096         
c10             = -2.37895          
c10_err         = 0.044944          
m11             = 0.217698          
m11_err         = 0.031428          
c11             = -2.02982          
c11_err         = 0.0310373         
m12             = 0.424399          
m12_err         = 0.0520584         
c12             = -2.56665          
c12_err         = 0.0514114         
m13             = 0.467789          
m13_err         = 0.0503377         
c13             = -2.46072          
c13_err         = 0.049712          
m14             = 0.546224          
m14_err         = 0.0451719         
c14             = -2.23102          
c14_err         = 0.0446105         
m15             = 0.569311          
m15_err         = 0.0295107         
c15             = -1.83032          
c15_err         = 0.029144          
