m0              = 0.0               
m0_err          = 0.0               
c0              = 4.62497           
c0_err          = 0.0               
m1              = 0.734211          
m1_err          = 0.000714923       
c1              = -0.701415         
c1_err          = 0.000706037       
m2              = 2.27179           
m2_err          = 0.0104074         
c2              = -0.614776         
c2_err          = 0.010278          
m3              = 3.50951           
m3_err          = 0.0580656         
c3              = -0.463689         
c3_err          = 0.0349482         
m4              = 3.84487           
m4_err          = 0.0970443         
c4              = -0.284915         
c4_err          = 0.0584085         
m5              = 3.67545           
m5_err          = 0.115458          
c5              = -0.094515         
c5_err          = 0.0694915         
m6              = 3.53891           
m6_err          = 0.110318          
c6              = 0.0430125         
c6_err          = 0.0663978         
m7              = 3.51636           
m7_err          = 0.108812          
c7              = 0.058525          
c7_err          = 0.0654914         
m8              = 3.62918           
m8_err          = 0.111075          
c8              = -0.0379239        
c8_err          = 0.0668533         
m9              = 3.78581           
m9_err          = 0.11447           
c9              = -0.164182         
c9_err          = 0.0688964         
m10             = 3.90183           
m10_err         = 0.0913431         
c10             = -0.249274         
c10_err         = 0.0549771         
m11             = 3.8387            
m11_err         = 0.104078          
c11             = -0.314267         
c11_err         = 0.0626418         
m12             = 3.8336            
m12_err         = 0.0976497         
c12             = -0.307166         
c12_err         = 0.0587729         
m13             = 3.82651           
m13_err         = 0.101453          
c13             = -0.255112         
c13_err         = 0.0610621         
m14             = 3.82183           
m14_err         = 0.102007          
c14             = -0.1633           
c14_err         = 0.0613957         
m15             = 3.8004            
m15_err         = 0.0916677         
c15             = -0.0593696        
c15_err         = 0.0551725         
