m0              = 0.0               
m0_err          = 0.0               
c0              = 4.62497           
c0_err          = 0.0               
m1              = 0.606631          
m1_err          = 0.000649305       
c1              = -0.236953         
c1_err          = 0.000641234       
m2              = 2.11445           
m2_err          = 0.00763565        
c2              = -0.212367         
c2_err          = 0.00754075        
m3              = 3.96416           
m3_err          = 0.0176402         
c3              = -0.149913         
c3_err          = 0.0106172         
m4              = 5.55382           
m4_err          = 0.0328758         
c4              = -0.08588          
c4_err          = 0.0134427         
m5              = 5.9974            
m5_err          = 0.383644          
c5              = -0.139384         
c5_err          = 0.156869          
m6              = 5.83918           
m6_err          = 0.720149          
c6              = -0.21728          
c6_err          = 0.294464          
m7              = 5.91555           
m7_err          = 0.672443          
c7              = -0.206242         
c7_err          = 0.274957          
m8              = 6.09748           
m8_err          = 0.509813          
c8              = -0.15682          
c8_err          = 0.208459          
m9              = 6.34054           
m9_err          = 0.0438148         
c9              = -0.047052         
c9_err          = 0.0136833         
m10             = 5.83914           
m10_err         = 0.0263857         
c10             = -0.067917         
c10_err         = 0.0082402         
m11             = 5.49097           
m11_err         = 0.0226852         
c11             = -0.082848         
c11_err         = 0.00708452        
m12             = 5.49628           
m12_err         = 0.0229933         
c12             = -0.082424         
c12_err         = 0.00718073        
m13             = 5.83343           
m13_err         = 0.0470469         
c13             = -0.071234         
c13_err         = 0.0146926         
m14             = 6.28534           
m14_err         = 0.0731101         
c14             = -0.053952         
c14_err         = 0.0228321         
m15             = 6.75431           
m15_err         = 0.0558955         
c15             = -0.027422         
c15_err         = 0.017456          
