m0              = 0.0               
m0_err          = 0.0               
c0              = 4.62497           
c0_err          = 0.0               
m1              = 0.671236          
m1_err          = 0.000813644       
c1              = -0.456729         
c1_err          = 0.000803531       
m2              = 2.15522           
m2_err          = 0.0125229         
c2              = -0.404339         
c2_err          = 0.0123672         
m3              = 3.60973           
m3_err          = 0.0463074         
c3              = -0.292593         
c3_err          = 0.0278712         
m4              = 4.3958            
m4_err          = 0.0990054         
c4              = -0.174065         
c4_err          = 0.0500379         
m5              = 4.51087           
m5_err          = 0.162256          
c5              = -0.091971         
c5_err          = 0.0820049         
m6              = 4.564             
m6_err          = 0.177793          
c6              = -0.023379         
c6_err          = 0.0898575         
m7              = 4.57982           
m7_err          = 0.149307          
c7              = -0.0092519        
c7_err          = 0.0754607         
m8              = 4.61441           
m8_err          = 0.149423          
c8              = -0.0505429        
c8_err          = 0.0755193         
m9              = 4.50089           
m9_err          = 0.151128          
c9              = -0.121708         
c9_err          = 0.0763808         
m10             = 4.41664           
m10_err         = 0.120438          
c10             = -0.168217         
c10_err         = 0.0608701         
m11             = 4.33542           
m11_err         = 0.104302          
c11             = -0.19099          
c11_err         = 0.0527149         
m12             = 4.32557           
m12_err         = 0.109973          
c12             = -0.190054         
c12_err         = 0.0555811         
m13             = 4.43711           
m13_err         = 0.123003          
c13             = -0.164448         
c13_err         = 0.0621666         
m14             = 4.53513           
m14_err         = 0.139666          
c14             = -0.120306         
c14_err         = 0.0705878         
m15             = 4.62481           
m15_err         = 0.134672          
c15             = -0.0671805        
c15_err         = 0.0680641         
