m0              = 0.0               
m0_err          = 0.0               
c0              = 4.62497           
c0_err          = 0.0               
m1              = 0.658096          
m1_err          = 0.00547754        
c1              = -1.67308          
c1_err          = 0.00540946        
m2              = 1.57706           
m2_err          = 0.0533235         
c2              = -1.68067          
c2_err          = 0.0526608         
m3              = 1.86822           
m3_err          = 0.0955386         
c3              = -1.53769          
c3_err          = 0.0943511         
m4              = 1.70719           
m4_err          = 0.0862621         
c4              = -1.04152          
c4_err          = 0.08519           
m5              = 1.24604           
m5_err          = 0.0476812         
c5              = -0.265144         
c5_err          = 0.0470885         
m6              = 0.802973          
m6_err          = 0.0217941         
c6              = 0.46613           
c6_err          = 0.0215232         
m7              = 0.801713          
m7_err          = 0.0210342         
c7              = 0.491025          
c7_err          = 0.0207727         
m8              = 1.17627           
m8_err          = 0.0377819         
c8              = -0.0691009        
c8_err          = 0.0373123         
m9              = 1.5523            
m9_err          = 0.06156           
c9              = -0.596895         
c9_err          = 0.0607949         
m10             = 1.6757            
m10_err         = 0.0857155         
c10             = -0.941241         
c10_err         = 0.0846502         
m11             = 1.71334           
m11_err         = 0.0947157         
c11             = -1.10285          
c11_err         = 0.0935385         
m12             = 1.73723           
m12_err         = 0.0919307         
c12             = -1.10778          
c12_err         = 0.0907881         
m13             = 1.73869           
m13_err         = 0.0764007         
c13             = -0.935281         
c13_err         = 0.0754511         
m14             = 1.6804            
m14_err         = 0.0544985         
c14             = -0.607233         
c14_err         = 0.0538212         
m15             = 1.49303           
m15_err         = 0.0353377         
c15             = -0.223036         
c15_err         = 0.0348985         
