m0              = 0.0               
m0_err          = 0.0               
c0              = 4.62497           
c0_err          = 0.0               
m1              = 0.580095          
m1_err          = 0.000526875       
c1              = -0.434327         
c1_err          = 0.000520326       
m2              = 2.08849           
m2_err          = 0.00432051        
c2              = -0.421023         
c2_err          = 0.00426681        
m3              = 4.05087           
m3_err          = 0.0187175         
c3              = -0.393958         
c3_err          = 0.00945993        
m4              = 5.90802           
m4_err          = 0.0336307         
c4              = -0.364016         
c4_err          = 0.0137514         
m5              = 6.16634           
m5_err          = 0.677752          
c5              = -0.529366         
c5_err          = 0.277128          
m6              = 6.10318           
m6_err          = 0.931377          
c6              = -0.62386          
c6_err          = 0.380834          
m7              = 7.07489           
m7_err          = 0.568091          
c7              = -0.432252         
c7_err          = 0.177413          
m8              = 6.45747           
m8_err          = 0.671399          
c8              = -0.458995         
c8_err          = 0.209676          
m9              = 5.97263           
m9_err          = 0.566665          
c9              = -0.447966         
c9_err          = 0.176968          
m10             = 5.85896           
m10_err         = 0.225137          
c10             = -0.394532         
c10_err         = 0.0703098         
m11             = 6.19757           
m11_err         = 0.219881          
c11             = -0.316146         
c11_err         = 0.0686681         
m12             = 6.76321           
m12_err         = 0.544039          
c12             = -0.255217         
c12_err         = 0.169902          
m13             = 7.2851            
m13_err         = 0.588567          
c13             = -0.236722         
c13_err         = 0.183808          
m14             = 6.8792            
m14_err         = 0.0205616         
c14             = -0.341792         
c14_err         = 0.00443114        
m15             = 7.44444           
m15_err         = 0.000795487       
c15             = -0.332023         
c15_err         = 0.000171432       
