m0              = 0.0               
m0_err          = 0.0               
c0              = 4.62497           
c0_err          = 0.0               
m1              = 0.56277           
m1_err          = 0.000437164       
c1              = -0.116554         
c1_err          = 0.000431731       
m2              = 2.00509           
m2_err          = 0.0115306         
c2              = -0.124288         
c2_err          = 0.0113873         
m3              = 3.77604           
m3_err          = 0.0617945         
c3              = -0.137657         
c3_err          = 0.0371926         
m4              = 5.59294           
m4_err          = 0.116089          
c4              = -0.109578         
c4_err          = 0.0474681         
m5              = 6.15781           
m5_err          = 0.506706          
c5              = -0.223554         
c5_err          = 0.207189          
m6              = 5.93634           
m6_err          = 1.07028           
c6              = -0.378968         
c6_err          = 0.437631          
m7              = 5.97979           
m7_err          = 1.08343           
c7              = -0.377594         
c7_err          = 0.443005          
m8              = 6.12917           
m8_err          = 0.767088          
c8              = -0.285552         
c8_err          = 0.313657          
m9              = 6.71692           
m9_err          = 0.0877226         
c9              = -0.07172          
c9_err          = 0.0273955         
m10             = 6.09631           
m10_err         = 0.0437758         
c10             = -0.070637         
c10_err         = 0.0136711         
m11             = 5.64744           
m11_err         = 0.0475871         
c11             = -0.075217         
c11_err         = 0.0148613         
m12             = 5.65081           
m12_err         = 0.0463663         
c12             = -0.075464         
c12_err         = 0.0144801         
m13             = 6.04984           
m13_err         = 0.0724935         
c13             = -0.075134         
c13_err         = 0.0226395         
m14             = 6.61533           
m14_err         = 0.106241          
c14             = -0.077297         
c14_err         = 0.0331788         
m15             = 7.23869           
m15_err         = 0.0781231         
c15             = -0.063925         
c15_err         = 0.0243976         
