m0              = 0.0               
m0_err          = 0.0               
c0              = 4.62497           
c0_err          = 0.0               
m1              = 0.67379           
m1_err          = 0.000779913       
c1              = -0.45705          
c1_err          = 0.00077022        
m2              = 2.17802           
m2_err          = 0.00896543        
c2              = -0.397256         
c2_err          = 0.008854          
m3              = 3.61237           
m3_err          = 0.0416892         
c3              = -0.29018          
c3_err          = 0.0250917         
m4              = 4.37592           
m4_err          = 0.107482          
c4              = -0.178363         
c4_err          = 0.0543218         
m5              = 4.60311           
m5_err          = 0.135152          
c5              = -0.0733695        
c5_err          = 0.0683063         
m6              = 4.56204           
m6_err          = 0.161964          
c6              = -0.0148867        
c6_err          = 0.0818577         
m7              = 4.5934            
m7_err          = 0.150158          
c7              = -0.00635905       
c7_err          = 0.0758908         
m8              = 4.53724           
m8_err          = 0.169364          
c8              = -0.0647876        
c8_err          = 0.0855975         
m9              = 4.56752           
m9_err          = 0.12517           
c9              = -0.108099         
c9_err          = 0.0632617         
m10             = 4.45377           
m10_err         = 0.115511          
c10             = -0.161252         
c10_err         = 0.0583798         
m11             = 4.30819           
m11_err         = 0.11168           
c11             = -0.194851         
c11_err         = 0.0564439         
m12             = 4.34212           
m12_err         = 0.0998701         
c12             = -0.185086         
c12_err         = 0.0504749         
m13             = 4.39944           
m13_err         = 0.128243          
c13             = -0.169293         
c13_err         = 0.0648147         
m14             = 4.52591           
m14_err         = 0.145926          
c14             = -0.121421         
c14_err         = 0.0737517         
m15             = 4.63257           
m15_err         = 0.149176          
c15             = -0.0707714        
c15_err         = 0.0753946         
