m0              = 0.0               
m0_err          = 0.0               
c0              = 4.62497           
c0_err          = 0.0               
m1              = 0.83164           
m1_err          = 0.000577234       
c1              = -0.972523         
c1_err          = 0.00057006        
m2              = 2.6519            
m2_err          = 0.0107727         
c2              = -0.874359         
c2_err          = 0.00960024        
m3              = 4.30325           
m3_err          = 0.04487           
c3              = -0.690517         
c3_err          = 0.0226775         
m4              = 5.17291           
m4_err          = 0.031683          
c4              = -0.4442           
c4_err          = 0.012955          
m5              = 5.14253           
m5_err          = 0.0384168         
c5              = -0.21869          
c5_err          = 0.0157084         
m6              = 5.01106           
m6_err          = 0.0190053         
c6              = -0.070314         
c6_err          = 0.00777113        
m7              = 4.95811           
m7_err          = 0.026547          
c7              = -0.06322          
c7_err          = 0.0108549         
m8              = 5.1077            
m8_err          = 0.0325822         
c8              = -0.162454         
c8_err          = 0.0133226         
m9              = 5.23282           
m9_err          = 0.0384154         
c9              = -0.298494         
c9_err          = 0.0157078         
m10             = 5.19082           
m10_err         = 0.0443238         
c10             = -0.409996         
c10_err         = 0.0181237         
m11             = 5.128             
m11_err         = 0.0332729         
c11             = -0.469226         
c11_err         = 0.0136051         
m12             = 5.14385           
m12_err         = 0.031571          
c12             = -0.465784         
c12_err         = 0.0129092         
m13             = 5.20288           
m13_err         = 0.0532456         
c13             = -0.410146         
c13_err         = 0.0217718         
m14             = 5.2672            
m14_err         = 0.0357145         
c14             = -0.300812         
c14_err         = 0.0146034         
m15             = 5.13422           
m15_err         = 0.0516838         
c15             = -0.212082         
c15_err         = 0.0211332         
