m0              = 0.0               
m0_err          = 0.0               
c0              = 4.62497           
c0_err          = 0.0               
m1              = 0.567789          
m1_err          = 0.000509175       
c1              = -0.28008          
c1_err          = 0.000502846       
m2              = 2.06236           
m2_err          = 0.00388679        
c2              = -0.272982         
c2_err          = 0.00383848        
m3              = 3.92564           
m3_err          = 0.0391905         
c3              = -0.272633         
c3_err          = 0.0235878         
m4              = 5.81439           
m4_err          = 0.0558127         
c4              = -0.244904         
c4_err          = 0.0228214         
m5              = 5.90734           
m5_err          = 0.758493          
c5              = -0.438088         
c5_err          = 0.310143          
m6              = 6.15816           
m6_err          = 1.03271           
c6              = -0.512434         
c6_err          = 0.42227           
m7              = 7.94656           
m7_err          = 0.0956938         
c7              = -0.213895         
c7_err          = 0.0298849         
m8              = 7.61132           
m8_err          = 0.0301279         
c8              = -0.206563         
c8_err          = 0.00940886        
m9              = 6.86634           
m9_err          = 0.0317901         
c9              = -0.217603         
c9_err          = 0.00992796        
m10             = 6.22169           
m10_err         = 0.0187434         
c10             = -0.221232         
c10_err         = 0.0058535         
m11             = 5.71111           
m11_err         = 0.022221          
c11             = -0.22808          
c11_err         = 0.00693957        
m12             = 5.73522           
m12_err         = 0.0252636         
c12             = -0.228215         
c12_err         = 0.00788976        
m13             = 6.16946           
m13_err         = 0.029983          
c13             = -0.225243         
c13_err         = 0.00936361        
m14             = 6.79049           
m14_err         = 0.0462652         
c14             = -0.222066         
c14_err         = 0.0144485         
m15             = 7.39685           
m15_err         = 0.0276383         
c15             = -0.211631         
c15_err         = 0.00863137        
