m0              = 0.0               
m0_err          = 0.0               
c0              = 4.62497           
c0_err          = 0.0               
m1              = 0.564852          
m1_err          = 0.00032941        
c1              = -0.554478         
c1_err          = 0.000325316       
m2              = 2.05506           
m2_err          = 0.00342757        
c2              = -0.552321         
c2_err          = 0.00338497        
m3              = 3.96482           
m3_err          = 0.0210639         
c3              = -0.55004          
c3_err          = 0.0126779         
m4              = 5.82414           
m4_err          = 0.0983638         
c4              = -0.541694         
c4_err          = 0.0402203         
m5              = 6.11895           
m5_err          = 0.802056          
c5              = -0.72178          
c5_err          = 0.327955          
m6              = 7.9374            
m6_err          = 0.140274          
c6              = -0.519441         
c6_err          = 0.0438072         
m7              = 7.23              
m7_err          = 0.616501          
c7              = -0.610964         
c7_err          = 0.192532          
m8              = 6.49527           
m8_err          = 0.758724          
c8              = -0.639975         
c8_err          = 0.236948          
m9              = 5.89143           
m9_err          = 0.658106          
c9              = -0.628401         
c9_err          = 0.205525          
m10             = 5.85489           
m10_err         = 0.264222          
c10             = -0.559926         
c10_err         = 0.0825157         
m11             = 6.23241           
m11_err         = 0.250308          
c11             = -0.463996         
c11_err         = 0.0781704         
m12             = 6.7424            
m12_err         = 0.529472          
c12             = -0.410943         
c12_err         = 0.165353          
m13             = 7.40175           
m13_err         = 0.633659          
c13             = -0.385649         
c13_err         = 0.19789           
m14             = 6.99647           
m14_err         = 0.00449623        
c14             = -0.501943         
c14_err         = 0.000968963       
m15             = 7.61214           
m15_err         = 0.0338082         
c15             = -0.491872         
c15_err         = 0.00728585        
