m0              = 0.0               
m0_err          = 0.0               
c0              = 4.62497           
c0_err          = 0.0               
m1              = 0.286111          
m1_err          = 0.00294154        
c1              = -2.28955          
c1_err          = 0.00290498        
m2              = 0.995876          
m2_err          = 0.0175909         
c2              = -2.36818          
c2_err          = 0.0173723         
m3              = 1.64485           
m3_err          = 0.0467251         
c3              = -2.34648          
c3_err          = 0.0461444         
m4              = 1.70179           
m4_err          = 0.0682138         
c4              = -2.13014          
c4_err          = 0.067366          
m5              = 0.692948          
m5_err          = 0.0557812         
c5              = -1.39756          
c5_err          = 0.0550879         
m6              = 0.440339          
m6_err          = 0.0228471         
c6              = -0.63087          
c6_err          = 0.0225631         
m7              = 0.463353          
m7_err          = 0.0218512         
c7              = -0.629168         
c7_err          = 0.0215797         
m8              = 1.03125           
m8_err          = 0.0418387         
c8              = -1.40611          
c8_err          = 0.0413187         
m9              = 1.60116           
m9_err          = 0.0633482         
c9              = -1.89764          
c9_err          = 0.0625609         
m10             = 1.39674           
m10_err         = 0.110822          
c10             = -2.18435          
c10_err         = 0.109444          
m11             = 0.898194          
m11_err         = 0.102161          
c11             = -2.12005          
c11_err         = 0.100891          
m12             = 1.54476           
m12_err         = 0.0669066         
c12             = -2.15067          
c12_err         = 0.0660751         
m13             = 1.3039            
m13_err         = 0.0656774         
c13             = -2.07575          
c13_err         = 0.0648611         
m14             = 1.654             
m14_err         = 0.0635318         
c14             = -2.06611          
c14_err         = 0.0627422         
m15             = 2.03172           
m15_err         = 0.0568423         
c15             = -2.00192          
c15_err         = 0.0561358         
