m0              = 0.0               
m0_err          = 0.0               
c0              = 4.62497           
c0_err          = 0.0               
m1              = 0.739823          
m1_err          = 0.00118007        
c1              = -0.737095         
c1_err          = 0.00116541        
m2              = 2.25928           
m2_err          = 0.0124963         
c2              = -0.651351         
c2_err          = 0.012341          
m3              = 3.36996           
m3_err          = 0.0539533         
c3              = -0.50598          
c3_err          = 0.0376766         
m4              = 3.17947           
m4_err          = 0.309655          
c4              = -0.473628         
c4_err          = 0.216238          
m5              = 3.19844           
m5_err          = 0.199095          
c5              = -0.186363         
c5_err          = 0.139032          
m6              = 3.27383           
m6_err          = 0.0849437         
c6              = 0.0593483         
c6_err          = 0.0593178         
m7              = 3.26075           
m7_err          = 0.11342           
c7              = 0.0662329         
c7_err          = 0.0682645         
m8              = 3.3945            
m8_err          = 0.117031          
c8              = -0.0355518        
c8_err          = 0.0704378         
m9              = 3.57661           
m9_err          = 0.114808          
c9              = -0.16823          
c9_err          = 0.0690998         
m10             = 3.67655           
m10_err         = 0.105748          
c10             = -0.271023         
c10_err         = 0.0636468         
m11             = 3.69954           
m11_err         = 0.104196          
c11             = -0.327846         
c11_err         = 0.0627131         
m12             = 3.67604           
m12_err         = 0.10115           
c12             = -0.324092         
c12_err         = 0.0608799         
m13             = 3.67468           
m13_err         = 0.103333          
c13             = -0.264961         
c13_err         = 0.0621937         
m14             = 3.60868           
m14_err         = 0.108646          
c14             = -0.167127         
c14_err         = 0.0653911         
m15             = 3.55631           
m15_err         = 0.107363          
c15             = -0.0658704        
c15_err         = 0.0646189         
