m0              = 0.0               
m0_err          = 0.0               
c0              = 4.62497           
c0_err          = 0.0               
m1              = 0.103923          
m1_err          = 0.00231581        
c1              = -2.60309          
c1_err          = 0.00228703        
m2              = 0.259129          
m2_err          = 0.0187806         
c2              = -2.852            
c2_err          = 0.0185472         
m3              = 0.338094          
m3_err          = 0.0388563         
c3              = -2.88518          
c3_err          = 0.0383734         
m4              = 0.398935          
m4_err          = 0.0429548         
c4              = -2.58229          
c4_err          = 0.0424209         
m5              = 0.19698           
m5_err          = 0.0174918         
c5              = -1.40425          
c5_err          = 0.0172744         
m6              = 0.259564          
m6_err          = 0.0125936         
c6              = -1.16946          
c6_err          = 0.0124371         
m7              = 0.254518          
m7_err          = 0.0112268         
c7              = -1.08091          
c7_err          = 0.0110873         
m8              = 0.345612          
m8_err          = 0.017058          
c8              = -1.51141          
c8_err          = 0.016846          
m9              = 0.48488           
m9_err          = 0.0309244         
c9              = -2.06318          
c9_err          = 0.03054           
m10             = 0.441024          
m10_err         = 0.0451801         
c10             = -2.36043          
c10_err         = 0.0446186         
m11             = 0.220983          
m11_err         = 0.031979          
c11             = -2.01925          
c11_err         = 0.0315816         
m12             = 0.426357          
m12_err         = 0.0516883         
c12             = -2.54498          
c12_err         = 0.0510458         
m13             = 0.46962           
m13_err         = 0.0501972         
c13             = -2.4402           
c13_err         = 0.0495733         
m14             = 0.54683           
m14_err         = 0.0452318         
c14             = -2.21664          
c14_err         = 0.0446696         
m15             = 0.576753          
m15_err         = 0.0294721         
c15             = -1.81813          
c15_err         = 0.0291058         
