m0              = 0.0               
m0_err          = 0.0               
c0              = 4.62497           
c0_err          = 0.0               
m1              = 0.286105          
m1_err          = 0.00303019        
c1              = -2.28899          
c1_err          = 0.00299252        
m2              = 0.996128          
m2_err          = 0.0182088         
c2              = -2.3726           
c2_err          = 0.0179825         
m3              = 1.6445            
m3_err          = 0.0470623         
c3              = -2.34788          
c3_err          = 0.0464774         
m4              = 1.6963            
m4_err          = 0.0676352         
c4              = -2.12916          
c4_err          = 0.0667946         
m5              = 0.693713          
m5_err          = 0.0556618         
c5              = -1.39819          
c5_err          = 0.05497           
m6              = 0.439618          
m6_err          = 0.0231824         
c6              = -0.630794         
c6_err          = 0.0228943         
m7              = 0.462037          
m7_err          = 0.0220602         
c7              = -0.629336         
c7_err          = 0.021786          
m8              = 1.03792           
m8_err          = 0.0407667         
c8              = -1.40822          
c8_err          = 0.04026           
m9              = 1.59834           
m9_err          = 0.0625727         
c9              = -1.89623          
c9_err          = 0.061795          
m10             = 1.39785           
m10_err         = 0.111468          
c10             = -2.18466          
c10_err         = 0.110082          
m11             = 0.894653          
m11_err         = 0.102859          
c11             = -2.12265          
c11_err         = 0.101581          
m12             = 1.54318           
m12_err         = 0.0672575         
c12             = -2.15452          
c12_err         = 0.0664215         
m13             = 1.30035           
m13_err         = 0.0661684         
c13             = -2.07557          
c13_err         = 0.065346          
m14             = 1.67272           
m14_err         = 0.0610499         
c14             = -2.05832          
c14_err         = 0.0602912         
m15             = 2.04193           
m15_err         = 0.0522718         
c15             = -1.99543          
c15_err         = 0.0516222         
