m0              = 0.0               
m0_err          = 0.0               
c0              = 4.62497           
c0_err          = 0.0               
m1              = 0.740246          
m1_err          = 0.000805843       
c1              = -0.692142         
c1_err          = 0.000795827       
m2              = 2.43042           
m2_err          = 0.00977505        
c2              = -0.611221         
c2_err          = 0.00871115        
m3              = 4.15612           
m3_err          = 0.0195409         
c3              = -0.453631         
c3_err          = 0.00987606        
m4              = 5.14892           
m4_err          = 0.0394829         
c4              = -0.280994         
c4_err          = 0.0161443         
m5              = 5.51683           
m5_err          = 0.0276527         
c5              = -0.1121           
c5_err          = 0.011307          
m6              = 5.45545           
m6_err          = 0.0712773         
c6              = -0.030136         
c6_err          = 0.0291448         
m7              = 5.5226            
m7_err          = 0.0342627         
c7              = -0.011312         
c7_err          = 0.0140098         
m8              = 5.55137           
m8_err          = 0.0317435         
c8              = -0.0755           
c8_err          = 0.0129797         
m9              = 5.37703           
m9_err          = 0.0643742         
c9              = -0.182058         
c9_err          = 0.0263222         
m10             = 5.22717           
m10_err         = 0.0417931         
c10             = -0.257248         
c10_err         = 0.0170889         
m11             = 5.104             
m11_err         = 0.0332487         
c11             = -0.295374         
c11_err         = 0.0135952         
m12             = 5.09242           
m12_err         = 0.0442989         
c12             = -0.298794         
c12_err         = 0.0181135         
m13             = 5.25258           
m13_err         = 0.0354701         
c13             = -0.250614         
c13_err         = 0.0145035         
m14             = 5.42836           
m14_err         = 0.037471          
c14             = -0.176428         
c14_err         = 0.0153216         
m15             = 5.5298            
m15_err         = 0.0436116         
c15             = -0.107176         
c15_err         = 0.0178325         
