m0              = 0.0               
m0_err          = 0.0               
c0              = 4.62497           
c0_err          = 0.0               
m1              = 0.553858          
m1_err          = 0.000377316       
c1              = -0.0876668        
c1_err          = 0.000372627       
m2              = 2.03346           
m2_err          = 0.00671034        
c2              = -0.0928655        
c2_err          = 0.00662694        
m3              = 4.01521           
m3_err          = 0.0144846         
c3              = -0.085511         
c3_err          = 0.00732062        
m4              = 5.95299           
m4_err          = 0.0513343         
c4              = -0.083612         
c4_err          = 0.0209902         
m5              = 6.14233           
m5_err          = 0.802238          
c5              = -0.294854         
c5_err          = 0.32803           
m6              = 7.30751           
m6_err          = 0.606067          
c6              = -0.174203         
c6_err          = 0.189273          
m7              = 6.56774           
m7_err          = 1.08725           
c7              = -0.265638         
c7_err          = 0.339545          
m8              = 6.07258           
m8_err          = 1.09915           
c8              = -0.270711         
c8_err          = 0.343262          
m9              = 6.00674           
m9_err          = 0.641197          
c9              = -0.185745         
c9_err          = 0.200244          
m10             = 6.32689           
m10_err         = 0.012955          
c10             = -0.063807         
c10_err         = 0.00404581        
m11             = 6.88282           
m11_err         = 0.570997          
c11             = 0.044306          
c11_err         = 0.178321          
m12             = 7.4089            
m12_err         = 0.902919          
c12             = 0.104843          
c12_err         = 0.281979          
m13             = 6.35236           
m13_err         = 0.00418495        
c13             = -0.0659533        
c13_err         = 0.000901881       
m14             = 7.04694           
m14_err         = 0.0121571         
c14             = -0.0625017        
c14_err         = 0.00261993        
m15             = 7.66863           
m15_err         = 0.0321826         
c15             = -0.0639017        
c15_err         = 0.00693554        
