m0              = 0.0               
m0_err          = 0.0               
c0              = 4.62497           
c0_err          = 0.0               
m1              = 0.789802          
m1_err          = 0.00336206        
c1              = -1.54472          
c1_err          = 0.00332028        
m2              = 2.07428           
m2_err          = 0.0376915         
c2              = -1.4892           
c2_err          = 0.037223          
m3              = 2.11161           
m3_err          = 0.213872          
c3              = -1.5443           
c3_err          = 0.211214          
m4              = 1.54042           
m4_err          = 0.34074           
c4              = -1.26093          
c4_err          = 0.336505          
m5              = 1.03458           
m5_err          = 0.284143          
c5              = -0.542054         
c5_err          = 0.280611          
m6              = 1.16471           
m6_err          = 0.0349966         
c6              = 0.356785          
c6_err          = 0.0345616         
m7              = 1.70605           
m7_err          = 0.179661          
c7              = 0.649612          
c7_err          = 0.177428          
m8              = 2.16736           
m8_err          = 0.188869          
c8              = 0.224374          
c8_err          = 0.186522          
m9              = 2.37372           
m9_err          = 0.0907504         
c9              = -0.354956         
c9_err          = 0.0896225         
m10             = 2.37099           
m10_err         = 0.0640166         
c10             = -0.7744           
c10_err         = 0.063221          
m11             = 2.25868           
m11_err         = 0.116717          
c11             = -1.00564          
c11_err         = 0.115266          
m12             = 2.11669           
m12_err         = 0.158399          
c12             = -1.0649           
c12_err         = 0.15643           
m13             = 1.89073           
m13_err         = 0.208075          
c13             = -0.987323         
c13_err         = 0.205489          
m14             = 2.0104            
m14_err         = 0.157137          
c14             = -0.571373         
c14_err         = 0.140035          
m15             = 2.01898           
m15_err         = 0.0399482         
c15             = -0.14514          
c15_err         = 0.0317487         
