m0              = 0.0               
m0_err          = 0.0               
c0              = 4.62497           
c0_err          = 0.0               
m1              = 0.109676          
m1_err          = 0.00239271        
c1              = -2.60266          
c1_err          = 0.00236297        
m2              = 0.274871          
m2_err          = 0.0196625         
c2              = -2.8476           
c2_err          = 0.0194181         
m3              = 0.355845          
m3_err          = 0.0399318         
c3              = -2.86456          
c3_err          = 0.0394355         
m4              = 0.422739          
m4_err          = 0.0444862         
c4              = -2.56757          
c4_err          = 0.0439333         
m5              = 0.208192          
m5_err          = 0.0184104         
c5              = -1.3984           
c5_err          = 0.0181816         
m6              = 0.269486          
m6_err          = 0.0131103         
c6              = -1.14781          
c6_err          = 0.0129473         
m7              = 0.26316           
m7_err          = 0.0115378         
c7              = -1.05703          
c7_err          = 0.0113944         
m8              = 0.36138           
m8_err          = 0.0178627         
c8              = -1.50504          
c8_err          = 0.0176407         
m9              = 0.50288           
m9_err          = 0.0318675         
c9              = -2.05813          
c9_err          = 0.0314714         
m10             = 0.463764          
m10_err         = 0.0465654         
c10             = -2.3568           
c10_err         = 0.0459866         
m11             = 0.230883          
m11_err         = 0.0324906         
c11             = -2.01416          
c11_err         = 0.0320868         
m12             = 0.449576          
m12_err         = 0.0528214         
c12             = -2.53691          
c12_err         = 0.0521649         
m13             = 0.488525          
m13_err         = 0.0509742         
c13             = -2.42708          
c13_err         = 0.0503406         
m14             = 0.566761          
m14_err         = 0.0461658         
c14             = -2.20065          
c14_err         = 0.045592          
m15             = 0.592509          
m15_err         = 0.0297983         
c15             = -1.80671          
c15_err         = 0.029428          
