m0              = 0.0               
m0_err          = 0.0               
c0              = 4.62497           
c0_err          = 0.0               
m1              = 0.740592          
m1_err          = 0.000672502       
c1              = -0.733175         
c1_err          = 0.000664144       
m2              = 2.24903           
m2_err          = 0.0140377         
c2              = -0.655352         
c2_err          = 0.0138632         
m3              = 3.36945           
m3_err          = 0.058106          
c3              = -0.509526         
c3_err          = 0.0405765         
m4              = 3.16968           
m4_err          = 0.306537          
c4              = -0.474383         
c4_err          = 0.21406           
m5              = 3.20487           
m5_err          = 0.20584           
c5              = -0.19134          
c5_err          = 0.143742          
m6              = 3.30308           
m6_err          = 0.0820442         
c6              = 0.06488           
c6_err          = 0.0572929         
m7              = 3.26438           
m7_err          = 0.108117          
c7              = 0.0697243         
c7_err          = 0.065073          
m8              = 3.38691           
m8_err          = 0.119571          
c8              = -0.0372979        
c8_err          = 0.0719665         
m9              = 3.61881           
m9_err          = 0.108577          
c9              = -0.162215         
c9_err          = 0.0653496         
m10             = 3.72611           
m10_err         = 0.0999353         
c10             = -0.26636          
c10_err         = 0.0601485         
m11             = 3.74064           
m11_err         = 0.0956034         
c11             = -0.31759          
c11_err         = 0.0575412         
m12             = 3.63756           
m12_err         = 0.117276          
c12             = -0.334939         
c12_err         = 0.0705854         
m13             = 3.67546           
m13_err         = 0.099148          
c13             = -0.260876         
c13_err         = 0.0596746         
m14             = 3.57765           
m14_err         = 0.119594          
c14             = -0.179228         
c14_err         = 0.0719806         
m15             = 3.57524           
m15_err         = 0.102771          
c15             = -0.0626146        
c15_err         = 0.0618555         
