m0              = 0.0               
m0_err          = 0.0               
c0              = 4.62497           
c0_err          = 0.0               
m1              = 0.552425          
m1_err          = 0.000301581       
c1              = -0.0782386        
c1_err          = 0.000297833       
m2              = 2.02057           
m2_err          = 0.00700136        
c2              = -0.0864118        
c2_err          = 0.00691434        
m3              = 4.0307            
m3_err          = 0.00827076        
c3              = -0.0759876        
c3_err          = 0.00418009        
m4              = 5.88956           
m4_err          = 0.117521          
c4              = -0.098398         
c4_err          = 0.0480536         
m5              = 6.18669           
m5_err          = 0.813883          
c5              = -0.303066         
c5_err          = 0.332791          
m6              = 7.34387           
m6_err          = 0.671765          
c6              = -0.190093         
c6_err          = 0.20979           
m7              = 6.55067           
m7_err          = 1.13962           
c7              = -0.282768         
c7_err          = 0.355901          
m8              = 6.07635           
m8_err          = 1.10184           
c8              = -0.27529          
c8_err          = 0.3441            
m9              = 6.03303           
m9_err          = 0.664201          
c9              = -0.191099         
c9_err          = 0.207428          
m10             = 6.31592           
m10_err         = 0.0322058         
c10             = -0.072547         
c10_err         = 0.0100578         
m11             = 6.92817           
m11_err         = 0.613915          
c11             = 0.048701          
c11_err         = 0.191724          
m12             = 7.52385           
m12_err         = 0.944027          
c12             = 0.114213          
c12_err         = 0.294817          
m13             = 6.37405           
m13_err         = 0.0185383         
c13             = -0.0683567        
c13_err         = 0.00399511        
m14             = 7.10561           
m14_err         = 0.00110676        
c14             = -0.0640667        
c14_err         = 0.000238514       
m15             = 7.76316           
m15_err         = 0.0132985         
c15             = -0.0626383        
c15_err         = 0.00286589        
