m0              = 0.0               
m0_err          = 0.0               
c0              = 4.62497           
c0_err          = 0.0               
m1              = 0.739959          
m1_err          = 0.00100487        
c1              = -0.734672         
c1_err          = 0.000992377       
m2              = 2.24782           
m2_err          = 0.0204091         
c2              = -0.657917         
c2_err          = 0.0201554         
m3              = 3.33744           
m3_err          = 0.0632326         
c3              = -0.516505         
c3_err          = 0.0441565         
m4              = 3.32227           
m4_err          = 0.210598          
c4              = -0.425018         
c4_err          = 0.147064          
m5              = 3.18683           
m5_err          = 0.202444          
c5              = -0.188576         
c5_err          = 0.141371          
m6              = 3.17403           
m6_err          = 0.0970947         
c6              = 0.029235          
c6_err          = 0.067803          
m7              = 3.27948           
m7_err          = 0.0857326         
c7              = 0.0758342         
c7_err          = 0.0598687         
m8              = 3.3851            
m8_err          = 0.123817          
c8              = -0.0400864        
c8_err          = 0.0745223         
m9              = 3.60584           
m9_err          = 0.113403          
c9              = -0.165149         
c9_err          = 0.0682542         
m10             = 3.71786           
m10_err         = 0.100231          
c10             = -0.264997         
c10_err         = 0.0603267         
m11             = 3.72058           
m11_err         = 0.0998847         
c11             = -0.322363         
c11_err         = 0.0601181         
m12             = 3.70741           
m12_err         = 0.0972829         
c12             = -0.317314         
c12_err         = 0.0585521         
m13             = 3.6374            
m13_err         = 0.112396          
c13             = -0.273118         
c13_err         = 0.0676486         
m14             = 3.60331           
m14_err         = 0.118779          
c14             = -0.17327          
c14_err         = 0.0714898         
m15             = 3.54117           
m15_err         = 0.11016           
c15             = -0.0686682        
c15_err         = 0.0663027         
