m0              = 0.0               
m0_err          = 0.0               
c0              = 4.62497           
c0_err          = 0.0               
m1              = 0.581951          
m1_err          = 0.000616098       
c1              = -0.164667         
c1_err          = 0.000608441       
m2              = 2.06915           
m2_err          = 0.00764392        
c2              = -0.154955         
c2_err          = 0.00754892        
m3              = 4.03114           
m3_err          = 0.0119658         
c3              = -0.108265         
c3_err          = 0.0060476         
m4              = 5.79905           
m4_err          = 0.0251172         
c4              = -0.077786         
c4_err          = 0.0102703         
m5              = 6.00848           
m5_err          = 0.616711          
c5              = -0.227888         
c5_err          = 0.252169          
m6              = 6.16216           
m6_err          = 0.940743          
c6              = -0.299366         
c6_err          = 0.384663          
m7              = 7.77785           
m7_err          = 0.0496834         
c7              = -0.035221         
c7_err          = 0.015516          
m8              = 7.46296           
m8_err          = 0.0107899         
c8              = -0.035042         
c8_err          = 0.00336967        
m9              = 6.74036           
m9_err          = 0.0384754         
c9              = -0.056953         
c9_err          = 0.0120158         
m10             = 6.10212           
m10_err         = 0.018585          
c10             = -0.066622         
c10_err         = 0.00580405        
m11             = 5.7145            
m11_err         = 0.0102862         
c11             = -0.071121         
c11_err         = 0.00321235        
m12             = 5.69403           
m12_err         = 0.0137775         
c12             = -0.076259         
c12_err         = 0.00430266        
m13             = 6.08492           
m13_err         = 0.0246768         
c13             = -0.069131         
c13_err         = 0.0077065         
m14             = 6.73431           
m14_err         = 0.0241203         
c14             = -0.051928         
c14_err         = 0.0075327         
m15             = 7.20645           
m15_err         = 0.0394773         
c15             = -0.045253         
c15_err         = 0.0123287         
