m0              = 0.0               
m0_err          = 0.0               
c0              = 4.62497           
c0_err          = 0.0               
m1              = 0.702969          
m1_err          = 0.000629191       
c1              = -0.569657         
c1_err          = 0.000621371       
m2              = 2.23947           
m2_err          = 0.0170861         
c2              = -0.511389         
c2_err          = 0.0168738         
m3              = 3.76857           
m3_err          = 0.0407709         
c3              = -0.362064         
c3_err          = 0.024539          
m4              = 4.49873           
m4_err          = 0.0877624         
c4              = -0.208764         
c4_err          = 0.0443556         
m5              = 4.68882           
m5_err          = 0.103356          
c5              = -0.0616171        
c5_err          = 0.0522366         
m6              = 4.70282           
m6_err          = 0.080642          
c6              = 0.045029          
c6_err          = 0.0407569         
m7              = 4.71682           
m7_err          = 0.0813631         
c7              = 0.053439          
c7_err          = 0.0411214         
m8              = 4.66128           
m8_err          = 0.115587          
c8              = -0.0327705        
c8_err          = 0.0584182         
m9              = 4.71424           
m9_err          = 0.086101          
c9              = -0.103945         
c9_err          = 0.0435159         
m10             = 4.64777           
m10_err         = 0.0679921         
c10             = -0.172746         
c10_err         = 0.0343636         
m11             = 4.60545           
m11_err         = 0.0396728         
c11             = -0.197588         
c11_err         = 0.0200508         
m12             = 4.51676           
m12_err         = 0.0678659         
c12             = -0.21256          
c12_err         = 0.0342998         
m13             = 4.64462           
m13_err         = 0.0627487         
c13             = -0.167176         
c13_err         = 0.0317135         
m14             = 4.70318           
m14_err         = 0.0782851         
c14             = -0.105868         
c14_err         = 0.0395657         
m15             = 4.72438           
m15_err         = 0.10053           
c15             = -0.0505881        
c15_err         = 0.0508083         
