m0              = 0.0               
m0_err          = 0.0               
c0              = 4.62497           
c0_err          = 0.0               
m1              = 0.738946          
m1_err          = 0.00104226        
c1              = -0.734903         
c1_err          = 0.00102931        
m2              = 2.26343           
m2_err          = 0.013035          
c2              = -0.649484         
c2_err          = 0.0128729         
m3              = 2.97119           
m3_err          = 0.286899          
c3              = -0.645729         
c3_err          = 0.200347          
m4              = 3.16985           
m4_err          = 0.314764          
c4              = -0.477911         
c4_err          = 0.219805          
m5              = 3.34159           
m5_err          = 0.121335          
c5              = -0.137976         
c5_err          = 0.0847304         
m6              = 3.25433           
m6_err          = 0.119496          
c6              = 0.0538354         
c6_err          = 0.0719217         
m7              = 3.25949           
m7_err          = 0.111288          
c7              = 0.0715811         
c7_err          = 0.0669816         
m8              = 3.41207           
m8_err          = 0.113861          
c8              = -0.0320318        
c8_err          = 0.0685302         
m9              = 3.55621           
m9_err          = 0.121156          
c9              = -0.175081         
c9_err          = 0.0729207         
m10             = 3.67063           
m10_err         = 0.119878          
c10             = -0.279722         
c10_err         = 0.0721517         
m11             = 3.71777           
m11_err         = 0.105402          
c11             = -0.323791         
c11_err         = 0.0634387         
m12             = 3.67657           
m12_err         = 0.102664          
c12             = -0.326223         
c12_err         = 0.0617911         
m13             = 3.67947           
m13_err         = 0.0966064         
c13             = -0.259863         
c13_err         = 0.058145          
m14             = 3.59884           
m14_err         = 0.113165          
c14             = -0.174352         
c14_err         = 0.0681114         
m15             = 3.49292           
m15_err         = 0.116929          
c15             = -0.0765332        
c15_err         = 0.0703768         
