m0              = 0.0               
m0_err          = 0.0               
c0              = 4.62497           
c0_err          = 0.0               
m1              = 0.651978          
m1_err          = 0.00548467        
c1              = -1.6728           
c1_err          = 0.0054165         
m2              = 1.56936           
m2_err          = 0.0526055         
c2              = -1.67808          
c2_err          = 0.0519517         
m3              = 1.8268            
m3_err          = 0.101733          
c3              = -1.55149          
c3_err          = 0.100468          
m4              = 1.65314           
m4_err          = 0.0945083         
c4              = -1.06126          
c4_err          = 0.0933337         
m5              = 1.21257           
m5_err          = 0.0502054         
c5              = -0.267702         
c5_err          = 0.0495814         
m6              = 0.790787          
m6_err          = 0.0225817         
c6              = 0.467789          
c6_err          = 0.0223011         
m7              = 0.791463          
m7_err          = 0.0211005         
c7              = 0.492893          
c7_err          = 0.0208383         
m8              = 1.16944           
m8_err          = 0.0381119         
c8              = -0.068265         
c8_err          = 0.0376382         
m9              = 1.51875           
m9_err          = 0.0637637         
c9              = -0.601716         
c9_err          = 0.0629712         
m10             = 1.62887           
m10_err         = 0.0903296         
c10             = -0.951663         
c10_err         = 0.0892069         
m11             = 1.65259           
m11_err         = 0.0997775         
c11             = -1.11633          
c11_err         = 0.0985374         
m12             = 1.73224           
m12_err         = 0.0907337         
c12             = -1.10447          
c12_err         = 0.089606          
m13             = 1.73334           
m13_err         = 0.0752146         
c13             = -0.935399         
c13_err         = 0.0742798         
m14             = 1.65625           
m14_err         = 0.0563713         
c14             = -0.612228         
c14_err         = 0.0556707         
m15             = 1.4747            
m15_err         = 0.0368762         
c15             = -0.228497         
c15_err         = 0.0364179         
