m0              = 0.0               
m0_err          = 0.0               
c0              = 4.62497           
c0_err          = 0.0               
m1              = 0.104214          
m1_err          = 0.00239876        
c1              = -2.60098          
c1_err          = 0.00236894        
m2              = 0.260471          
m2_err          = 0.0188341         
c2              = -2.85503          
c2_err          = 0.0186            
m3              = 0.339176          
m3_err          = 0.0390095         
c3              = -2.88263          
c3_err          = 0.0385246         
m4              = 0.40364           
m4_err          = 0.0437063         
c4              = -2.59024          
c4_err          = 0.0431631         
m5              = 0.197519          
m5_err          = 0.0175409         
c5              = -1.40304          
c5_err          = 0.0173229         
m6              = 0.260845          
m6_err          = 0.0127426         
c6              = -1.16966          
c6_err          = 0.0125842         
m7              = 0.255417          
m7_err          = 0.0110864         
c7              = -1.0801           
c7_err          = 0.0109487         
m8              = 0.349742          
m8_err          = 0.0171069         
c8              = -1.51691          
c8_err          = 0.0168943         
m9              = 0.487004          
m9_err          = 0.0311594         
c9              = -2.06691          
c9_err          = 0.0307721         
m10             = 0.449729          
m10_err         = 0.0456046         
c10             = -2.37169          
c10_err         = 0.0450378         
m11             = 0.218555          
m11_err         = 0.0313458         
c11             = -2.00666          
c11_err         = 0.0309562         
m12             = 0.431822          
m12_err         = 0.0524177         
c12             = -2.55279          
c12_err         = 0.0517662         
m13             = 0.471056          
m13_err         = 0.0504022         
c13             = -2.44166          
c13_err         = 0.0497758         
m14             = 0.551082          
m14_err         = 0.045235          
c14             = -2.21682          
c14_err         = 0.0446728         
m15             = 0.577429          
m15_err         = 0.0293367         
c15             = -1.81657          
c15_err         = 0.028972          
