m0              = 0.0               
m0_err          = 0.0               
c0              = 4.62497           
c0_err          = 0.0               
m1              = 0.66585           
m1_err          = 0.00518033        
c1              = -1.66869          
c1_err          = 0.00511594        
m2              = 1.60567           
m2_err          = 0.0506204         
c2              = -1.67038          
c2_err          = 0.0499912         
m3              = 1.93799           
m3_err          = 0.0917748         
c3              = -1.52593          
c3_err          = 0.0906342         
m4              = 1.76821           
m4_err          = 0.0865501         
c4              = -1.039            
c4_err          = 0.0854744         
m5              = 1.29014           
m5_err          = 0.0463151         
c5              = -0.26157          
c5_err          = 0.0457395         
m6              = 0.825829          
m6_err          = 0.0214553         
c6              = 0.461785          
c6_err          = 0.0211887         
m7              = 0.814946          
m7_err          = 0.0209193         
c7              = 0.487413          
c7_err          = 0.0206593         
m8              = 1.20029           
m8_err          = 0.0368097         
c8              = -0.0657964        
c8_err          = 0.0363522         
m9              = 1.60136           
m9_err          = 0.0578081         
c9              = -0.58771          
c9_err          = 0.0570896         
m10             = 1.73901           
m10_err         = 0.0810507         
c10             = -0.929701         
c10_err         = 0.0800433         
m11             = 1.76182           
m11_err         = 0.0926279         
c11             = -1.09689          
c11_err         = 0.0914767         
m12             = 1.78892           
m12_err         = 0.0879927         
c12             = -1.09365          
c12_err         = 0.086899          
m13             = 1.75198           
m13_err         = 0.0770316         
c13             = -0.932464         
c13_err         = 0.0760742         
m14             = 1.69012           
m14_err         = 0.0564118         
c14             = -0.604476         
c14_err         = 0.0557107         
m15             = 1.52114           
m15_err         = 0.033747          
c15             = -0.217582         
c15_err         = 0.0333276         
