m0              = 0.0               
m0_err          = 0.0               
c0              = 4.62497           
c0_err          = 0.0               
m1              = 0.558321          
m1_err          = 0.000355321       
c1              = -0.252765         
c1_err          = 0.000350904       
m2              = 2.04597           
m2_err          = 0.00296093        
c2              = -0.250235         
c2_err          = 0.00292413        
m3              = 3.9947            
m3_err          = 0.0196186         
c3              = -0.24813          
c3_err          = 0.0118079         
m4              = 5.94788           
m4_err          = 0.0258654         
c4              = -0.234186         
c4_err          = 0.0105762         
m5              = 6.14088           
m5_err          = 0.758263          
c5              = -0.440062         
c5_err          = 0.310049          
m6              = 6.17371           
m6_err          = 1.06733           
c6              = -0.55064          
c6_err          = 0.436423          
m7              = 7.26637           
m7_err          = 0.657869          
c7              = -0.33377          
c7_err          = 0.205451          
m8              = 6.43837           
m8_err          = 0.825208          
c8              = -0.372352         
c8_err          = 0.25771           
m9              = 5.94085           
m9_err          = 0.656555          
c9              = -0.343491         
c9_err          = 0.205041          
m10             = 5.83964           
m10_err         = 0.282358          
c10             = -0.273506         
c10_err         = 0.0881795         
m11             = 6.24152           
m11_err         = 0.237005          
c11             = -0.178897         
c11_err         = 0.0740159         
m12             = 6.82252           
m12_err         = 0.574357          
c12             = -0.113889         
c12_err         = 0.17937           
m13             = 7.44975           
m13_err         = 0.662215          
c13             = -0.095687         
c13_err         = 0.206808          
m14             = 7.02288           
m14_err         = 0.00293984        
c14             = -0.216413         
c14_err         = 0.000633553       
m15             = 7.61256           
m15_err         = 0.00112406        
c15             = -0.214748         
c15_err         = 0.000242241       
