m0              = 0.0               
m0_err          = 0.0               
c0              = 4.62497           
c0_err          = 0.0               
m1              = 0.739593          
m1_err          = 0.00118127        
c1              = -0.73466          
c1_err          = 0.00116659        
m2              = 2.24283           
m2_err          = 0.0177128         
c2              = -0.657814         
c2_err          = 0.0174926         
m3              = 3.38166           
m3_err          = 0.0515142         
c3              = -0.504046         
c3_err          = 0.0359733         
m4              = 3.35063           
m4_err          = 0.210162          
c4              = -0.416029         
c4_err          = 0.14676           
m5              = 3.18158           
m5_err          = 0.199645          
c5              = -0.192737         
c5_err          = 0.139415          
m6              = 3.14598           
m6_err          = 0.1138            
c6              = 0.0146125         
c6_err          = 0.0794684         
m7              = 3.29904           
m7_err          = 0.0863206         
c7              = 0.0816175         
c7_err          = 0.0602793         
m8              = 3.38946           
m8_err          = 0.113463          
c8              = -0.0313214        
c8_err          = 0.0682904         
m9              = 3.58293           
m9_err          = 0.115469          
c9              = -0.167628         
c9_err          = 0.0694977         
m10             = 3.73837           
m10_err         = 0.0939139         
c10             = -0.259845         
c10_err         = 0.0565244         
m11             = 3.71565           
m11_err         = 0.102478          
c11             = -0.324579         
c11_err         = 0.0616791         
m12             = 3.69845           
m12_err         = 0.0966356         
c12             = -0.31936          
c12_err         = 0.0581625         
m13             = 3.6737            
m13_err         = 0.107902          
c13             = -0.267432         
c13_err         = 0.0649437         
m14             = 3.62937           
m14_err         = 0.110783          
c14             = -0.167487         
c14_err         = 0.0666772         
m15             = 3.54094           
m15_err         = 0.107514          
c15             = -0.066705         
c15_err         = 0.0647099         
