m0              = 0.0               
m0_err          = 0.0               
c0              = 4.62497           
c0_err          = 0.0               
m1              = 0.743733          
m1_err          = 0.000696137       
c1              = -0.7361           
c1_err          = 0.000687484       
m2              = 2.24704           
m2_err          = 0.0171789         
c2              = -0.658369         
c2_err          = 0.0169654         
m3              = 3.0315            
m3_err          = 0.252696          
c3              = -0.625364         
c3_err          = 0.176462          
m4              = 3.15664           
m4_err          = 0.332162          
c4              = -0.482558         
c4_err          = 0.231955          
m5              = 3.30795           
m5_err          = 0.131672          
c5              = -0.146826         
c5_err          = 0.0919492         
m6              = 3.32408           
m6_err          = 0.0982226         
c6              = 0.0718554         
c6_err          = 0.0591177         
m7              = 3.25328           
m7_err          = 0.113569          
c7              = 0.0663421         
c7_err          = 0.068354          
m8              = 3.41224           
m8_err          = 0.112196          
c8              = -0.0303296        
c8_err          = 0.0675278         
m9              = 3.60986           
m9_err          = 0.11144           
c9              = -0.162718         
c9_err          = 0.0670728         
m10             = 3.70752           
m10_err         = 0.107871          
c10             = -0.271364         
c10_err         = 0.0649249         
m11             = 3.70165           
m11_err         = 0.108646          
c11             = -0.329704         
c11_err         = 0.0653912         
m12             = 3.66479           
m12_err         = 0.112791          
c12             = -0.330739         
c12_err         = 0.0678861         
m13             = 3.63582           
m13_err         = 0.112176          
c13             = -0.271244         
c13_err         = 0.0675161         
m14             = 3.59855           
m14_err         = 0.118384          
c14             = -0.175284         
c14_err         = 0.0712521         
m15             = 3.55408           
m15_err         = 0.102117          
c15             = -0.0628275        
c15_err         = 0.0614619         
