m0              = 0.0               
m0_err          = 0.0               
c0              = 4.62497           
c0_err          = 0.0               
m1              = 0.663813          
m1_err          = 0.00515192        
c1              = -1.66943          
c1_err          = 0.00508789        
m2              = 1.58218           
m2_err          = 0.0520953         
c2              = -1.67269          
c2_err          = 0.0514478         
m3              = 1.87844           
m3_err          = 0.0964519         
c3              = -1.53478          
c3_err          = 0.0952531         
m4              = 1.70406           
m4_err          = 0.0882859         
c4              = -1.04252          
c4_err          = 0.0871886         
m5              = 1.25521           
m5_err          = 0.047989          
c5              = -0.261066         
c5_err          = 0.0473925         
m6              = 0.817018          
m6_err          = 0.0220501         
c6              = 0.463779          
c6_err          = 0.021776          
m7              = 0.814654          
m7_err          = 0.0208587         
c7              = 0.488533          
c7_err          = 0.0205995         
m8              = 1.19269           
m8_err          = 0.0371095         
c8              = -0.0654523        
c8_err          = 0.0366483         
m9              = 1.55941           
m9_err          = 0.0619293         
c9              = -0.592293         
c9_err          = 0.0611595         
m10             = 1.66625           
m10_err         = 0.0874236         
c10             = -0.944656         
c10_err         = 0.086337          
m11             = 1.70969           
m11_err         = 0.0980149         
c11             = -1.10722          
c11_err         = 0.0967966         
m12             = 1.77263           
m12_err         = 0.0889584         
c12             = -1.09647          
c12_err         = 0.0878528         
m13             = 1.75292           
m13_err         = 0.0760458         
c13             = -0.930493         
c13_err         = 0.0751007         
m14             = 1.67812           
m14_err         = 0.0564882         
c14             = -0.60717          
c14_err         = 0.0557862         
m15             = 1.51458           
m15_err         = 0.0339094         
c15             = -0.219484         
c15_err         = 0.033488          
