m0              = 0.0               
m0_err          = 0.0               
c0              = 4.62497           
c0_err          = 0.0               
m1              = 0.6691            
m1_err          = 0.000599525       
c1              = -0.44112          
c1_err          = 0.000592073       
m2              = 2.16155           
m2_err          = 0.0108338         
c2              = -0.38396          
c2_err          = 0.0106992         
m3              = 3.64539           
m3_err          = 0.0404258         
c3              = -0.280553         
c3_err          = 0.0243313         
m4              = 4.5113            
m4_err          = 0.0887678         
c4              = -0.163794         
c4_err          = 0.0448637         
m5              = 4.73005           
m5_err          = 0.144495          
c5              = -0.0800262        
c5_err          = 0.0730285         
m6              = 4.77175           
m6_err          = 0.152954          
c6              = -0.0173062        
c6_err          = 0.077304          
m7              = 4.78923           
m7_err          = 0.139959          
c7              = -0.00759571       
c7_err          = 0.0707361         
m8              = 4.75259           
m8_err          = 0.146935          
c8              = -0.0568524        
c8_err          = 0.0742619         
m9              = 4.71891           
m9_err          = 0.117149          
c9              = -0.105696         
c9_err          = 0.0592076         
m10             = 4.53437           
m10_err         = 0.148452          
c10             = -0.166729         
c10_err         = 0.0750287         
m11             = 4.43553           
m11_err         = 0.0957363         
c11             = -0.179549         
c11_err         = 0.0483857         
m12             = 4.53643           
m12_err         = 0.0646128         
c12             = -0.160313         
c12_err         = 0.0326557         
m13             = 4.60414           
m13_err         = 0.092676          
c13             = -0.144195         
c13_err         = 0.046839          
m14             = 4.68507           
m14_err         = 0.120783          
c14             = -0.109502         
c14_err         = 0.0610446         
m15             = 4.95977           
m15_err         = 0.141277          
c15             = -0.031698         
c15_err         = 0.0577674         
