m0              = 0.0               
m0_err          = 0.0               
c0              = 4.62497           
c0_err          = 0.0               
m1              = 0.865197          
m1_err          = 0.00126794        
c1              = -1.14578          
c1_err          = 0.00125219        
m2              = 2.63884           
m2_err          = 0.013181          
c2              = -1.01929          
c2_err          = 0.0117464         
m3              = 2.43447           
m3_err          = 0.50752           
c3              = -1.31259          
c3_err          = 0.40335           
m4              = 2.38658           
m4_err          = 0.531579          
c4              = -1.02567          
c4_err          = 0.42247           
m5              = 2.85714           
m5_err          = 0.294414          
c5              = -0.271938         
c5_err          = 0.205594          
m6              = 3.07773           
m6_err          = 0.138761          
c6              = 0.257772          
c6_err          = 0.0968994         
m7              = 2.8253            
m7_err          = 0.0420519         
c7              = 0.204128          
c7_err          = 0.02531           
m8              = 3.20728           
m8_err          = 0.0540344         
c8              = -0.00114643       
c8_err          = 0.0325219         
m9              = 3.65974           
m9_err          = 0.0680019         
c9              = -0.247057         
c9_err          = 0.0409286         
m10             = 3.91435           
m10_err         = 0.07619           
c10             = -0.432302         
c10_err         = 0.0458569         
m11             = 3.84962           
m11_err         = 0.145227          
c11             = -0.565282         
c11_err         = 0.0874083         
m12             = 3.60536           
m12_err         = 0.25945           
c12             = -0.622531         
c12_err         = 0.156157          
m13             = 3.40346           
m13_err         = 0.315608          
c13             = -0.555599         
c13_err         = 0.189956          
m14             = 3.73948           
m14_err         = 0.0773705         
c14             = -0.245349         
c14_err         = 0.0391035         
m15             = 3.52303           
m15_err         = 0.0526564         
c15             = -0.0634229        
c15_err         = 0.0266128         
