m0              = 0.0               
m0_err          = 0.0               
c0              = 4.62497           
c0_err          = 0.0               
m1              = 0.550797          
m1_err          = 0.000346928       
c1              = -0.121465         
c1_err          = 0.000342616       
m2              = 2.0146            
m2_err          = 0.00530607        
c2              = -0.127304         
c2_err          = 0.00524012        
m3              = 4.04159           
m3_err          = 0.00917695        
c3              = -0.109287         
c3_err          = 0.00463809        
m4              = 5.97035           
m4_err          = 0.0302421         
c4              = -0.116602         
c4_err          = 0.0123658         
m5              = 6.18171           
m5_err          = 0.747786          
c5              = -0.326216         
c5_err          = 0.305765          
m6              = 6.24462           
m6_err          = 1.02139           
c6              = -0.431136         
c6_err          = 0.417641          
m7              = 7.24295           
m7_err          = 0.723633          
c7              = -0.234211         
c7_err          = 0.225989          
m8              = 6.52453           
m8_err          = 0.789386          
c8              = -0.25513          
c8_err          = 0.246523          
m9              = 6.01052           
m9_err          = 0.650452          
c9              = -0.227026         
c9_err          = 0.203135          
m10             = 5.8853            
m10_err         = 0.26265           
c10             = -0.155948         
c10_err         = 0.0820249         
m11             = 6.27893           
m11_err         = 0.248631          
c11             = -0.058992         
c11_err         = 0.0776467         
m12             = 6.85833           
m12_err         = 0.577586          
c12             = 0.006129          
c12_err         = 0.180379          
m13             = 7.6269            
m13_err         = 0.748211          
c13             = 0.037347          
c13_err         = 0.233664          
m14             = 7.05418           
m14_err         = 0.00568946        
c14             = -0.101328         
c14_err         = 0.00122611        
m15             = 7.7109            
m15_err         = 0.00155639        
c15             = -0.09811          
c15_err         = 0.00033541        
