m0              = 0.0               
m0_err          = 0.0               
c0              = 4.62497           
c0_err          = 0.0               
m1              = 1.10332           
m1_err          = 0.00137989        
c1              = -1.85218          
c1_err          = 0.00136274        
m2              = 1.11064           
m2_err          = 0.625638          
c2              = -2.68508          
c2_err          = 0.617862          
m3              = 0.524441          
m3_err          = 0.638875          
c3              = -2.86726          
c3_err          = 0.630935          
m4              = 0.842104          
m4_err          = 0.874375          
c4              = -2.05144          
c4_err          = 0.694906          
m5              = 2.0105            
m5_err          = 0.450723          
c5              = -0.674614         
c5_err          = 0.35821           
m6              = 3.09796           
m6_err          = 0.342668          
c6              = 0.43717           
c6_err          = 0.239292          
m7              = 3.95582           
m7_err          = 0.700123          
c7              = 0.713718          
c7_err          = 0.488909          
m8              = 3.79389           
m8_err          = 0.517038          
c8              = 0.0384075         
c8_err          = 0.311192          
m9              = 3.35932           
m9_err          = 0.28018           
c9              = -0.744453         
c9_err          = 0.168633          
m10             = 4.19526           
m10_err         = 0.092353          
c10             = -0.903411         
c10_err         = 0.0466757         
m11             = 4.3414            
m11_err         = 0.101631          
c11             = -1.03537          
c11_err         = 0.051365          
m12             = 4.4511            
m12_err         = 0.0899807         
c12             = -1.02088          
c12_err         = 0.0454768         
m13             = 4.34488           
m13_err         = 0.0548223         
c13             = -0.874678         
c13_err         = 0.0277075         
m14             = 3.92618           
m14_err         = 0.0359241         
c14             = -0.630933         
c14_err         = 0.0181562         
m15             = 3.37882           
m15_err         = 0.0157975         
c15             = -0.358079         
c15_err         = 0.00798417        
