m0              = 0.0               
m0_err          = 0.0               
c0              = 4.62497           
c0_err          = 0.0               
m1              = 0.647525          
m1_err          = 0.000539658       
c1              = -0.370902         
c1_err          = 0.000532951       
m2              = 2.14808           
m2_err          = 0.00832717        
c2              = -0.323048         
c2_err          = 0.00822367        
m3              = 3.77639           
m3_err          = 0.0341536         
c3              = -0.234401         
c3_err          = 0.0205562         
m4              = 5.00599           
m4_err          = 0.0579428         
c4              = -0.11148          
c4_err          = 0.0236924         
m5              = 5.63747           
m5_err          = 0.0796518         
c5              = -0.026186         
c5_err          = 0.0325691         
m6              = 5.74415           
m6_err          = 0.10829           
c6              = 0.014078          
c6_err          = 0.0442792         
m7              = 5.73827           
m7_err          = 0.11892           
c7              = 0.014246          
c7_err          = 0.0486256         
m8              = 5.59012           
m8_err          = 0.14233           
c8              = -0.027328         
c8_err          = 0.0581977         
m9              = 5.36677           
m9_err          = 0.11601           
c9              = -0.07021          
c9_err          = 0.0474356         
m10             = 5.08821           
m10_err         = 0.09202           
c10             = -0.108838         
c10_err         = 0.0376264         
m11             = 4.94213           
m11_err         = 0.0578901         
c11             = -0.122566         
c11_err         = 0.0236709         
m12             = 4.85619           
m12_err         = 0.0861839         
c12             = -0.132498         
c12_err         = 0.03524           
m13             = 5.07491           
m13_err         = 0.0972974         
c13             = -0.111466         
c13_err         = 0.0397842         
m14             = 5.42448           
m14_err         = 0.0715655         
c14             = -0.058122         
c14_err         = 0.0292627         
m15             = 5.63286           
m15_err         = 0.0916123         
c15             = -0.0269           
c15_err         = 0.0374597         
