m0              = 0.0               
m0_err          = 0.0               
c0              = 4.62497           
c0_err          = 0.0               
m1              = 1.01149           
m1_err          = 0.00141573        
c1              = -1.58247          
c1_err          = 0.00139814        
m2              = 1.21859           
m2_err          = 0.518555          
c2              = -2.25073          
c2_err          = 0.51211           
m3              = 0.690583          
m3_err          = 0.552978          
c3              = -2.43178          
c3_err          = 0.546105          
m4              = 0.99958           
m4_err          = 0.771001          
c4              = -1.71251          
c4_err          = 0.612749          
m5              = 2.00044           
m5_err          = 0.395618          
c5              = -0.500222         
c5_err          = 0.314415          
m6              = 2.94132           
m6_err          = 0.271298          
c6              = 0.470239          
c6_err          = 0.189452          
m7              = 3.82003           
m7_err          = 0.613628          
c7              = 0.760214          
c7_err          = 0.428508          
m8              = 3.89337           
m8_err          = 0.627204          
c8              = 0.238235          
c8_err          = 0.377498          
m9              = 3.64763           
m9_err          = 0.0380522         
c9              = -0.425234         
c9_err          = 0.0229027         
m10             = 3.22417           
m10_err         = 0.454552          
c10             = -0.912213         
c10_err         = 0.273583          
m11             = 4.17355           
m11_err         = 0.0870416         
c11             = -0.808724         
c11_err         = 0.0439913         
m12             = 4.17556           
m12_err         = 0.0880257         
c12             = -0.803549         
c12_err         = 0.0444887         
m13             = 4.06406           
m13_err         = 0.067331          
c13             = -0.670088         
c13_err         = 0.0340295         
m14             = 3.73539           
m14_err         = 0.0461614         
c14             = -0.444642         
c14_err         = 0.0233302         
m15             = 3.28894           
m15_err         = 0.0326271         
c15             = -0.207614         
c15_err         = 0.0164899         
