m0              = 0.0               
m0_err          = 0.0               
c0              = 4.62497           
c0_err          = 0.0               
m1              = 0.10435           
m1_err          = 0.00222145        
c1              = -2.60483          
c1_err          = 0.00219384        
m2              = 0.260119          
m2_err          = 0.0189112         
c2              = -2.85354          
c2_err          = 0.0186762         
m3              = 0.33533           
m3_err          = 0.0385764         
c3              = -2.87465          
c3_err          = 0.0380969         
m4              = 0.407108          
m4_err          = 0.0434124         
c4              = -2.5932           
c4_err          = 0.0428728         
m5              = 0.197837          
m5_err          = 0.0174348         
c5              = -1.40431          
c5_err          = 0.0172181         
m6              = 0.261318          
m6_err          = 0.0126205         
c6              = -1.1721           
c6_err          = 0.0124636         
m7              = 0.255928          
m7_err          = 0.0112256         
c7              = -1.08431          
c7_err          = 0.0110861         
m8              = 0.348335          
m8_err          = 0.0171887         
c8              = -1.51526          
c8_err          = 0.016975          
m9              = 0.488724          
m9_err          = 0.0310704         
c9              = -2.07079          
c9_err          = 0.0306842         
m10             = 0.448791          
m10_err         = 0.0457017         
c10             = -2.36891          
c10_err         = 0.0451337         
m11             = 0.220343          
m11_err         = 0.0316562         
c11             = -2.01827          
c11_err         = 0.0312628         
m12             = 0.426806          
m12_err         = 0.0517296         
c12             = -2.54412          
c12_err         = 0.0510867         
m13             = 0.472598          
m13_err         = 0.0502878         
c13             = -2.4422           
c13_err         = 0.0496627         
m14             = 0.549238          
m14_err         = 0.0454081         
c14             = -2.21359          
c14_err         = 0.0448438         
m15             = 0.580038          
m15_err         = 0.0293703         
c15             = -1.8201           
c15_err         = 0.0290053         
