m0              = 0.0               
m0_err          = 0.0               
c0              = 4.62497           
c0_err          = 0.0               
m1              = 0.666815          
m1_err          = 0.00524113        
c1              = -1.67247          
c1_err          = 0.00517599        
m2              = 1.61355           
m2_err          = 0.0508748         
c2              = -1.66991          
c2_err          = 0.0502425         
m3              = 1.9264            
m3_err          = 0.0947347         
c3              = -1.53055          
c3_err          = 0.0935572         
m4              = 1.77165           
m4_err          = 0.0840471         
c4              = -1.0336           
c4_err          = 0.0830025         
m5              = 1.28832           
m5_err          = 0.0454519         
c5              = -0.259879         
c5_err          = 0.044887          
m6              = 0.826321          
m6_err          = 0.0208651         
c6              = 0.460866          
c6_err          = 0.0206057         
m7              = 0.814711          
m7_err          = 0.0207078         
c7              = 0.489628          
c7_err          = 0.0204504         
m8              = 1.20477           
m8_err          = 0.0364514         
c8              = -0.06338          
c8_err          = 0.0359984         
m9              = 1.60139           
m9_err          = 0.0586564         
c9              = -0.590436         
c9_err          = 0.0579274         
m10             = 1.75139           
m10_err         = 0.0812188         
c10             = -0.929854         
c10_err         = 0.0802094         
m11             = 1.7584            
m11_err         = 0.0930823         
c11             = -1.09726          
c11_err         = 0.0919254         
m12             = 1.77742           
m12_err         = 0.0886069         
c12             = -1.09574          
c12_err         = 0.0875056         
m13             = 1.76854           
m13_err         = 0.0738193         
c13             = -0.926333         
c13_err         = 0.0729018         
m14             = 1.68736           
m14_err         = 0.0571828         
c14             = -0.606771         
c14_err         = 0.0564721         
m15             = 1.52526           
m15_err         = 0.033147          
c15             = -0.216545         
c15_err         = 0.032735          
