m0              = 0.0               
m0_err          = 0.0               
c0              = 4.62497           
c0_err          = 0.0               
m1              = 0.671317          
m1_err          = 0.000814527       
c1              = -0.45917          
c1_err          = 0.000804403       
m2              = 2.1553            
m2_err          = 0.0162974         
c2              = -0.409773         
c2_err          = 0.0160948         
m3              = 3.60919           
m3_err          = 0.0488329         
c3              = -0.293209         
c3_err          = 0.0293913         
m4              = 4.37902           
m4_err          = 0.101637          
c4              = -0.174627         
c4_err          = 0.0513679         
m5              = 4.54349           
m5_err          = 0.152724          
c5              = -0.0825086        
c5_err          = 0.0771874         
m6              = 4.57273           
m6_err          = 0.161814          
c6              = -0.01751          
c6_err          = 0.0817817         
m7              = 4.59553           
m7_err          = 0.153317          
c7              = -0.00917095       
c7_err          = 0.0774872         
m8              = 4.53117           
m8_err          = 0.167517          
c8              = -0.0642857        
c8_err          = 0.084664          
m9              = 4.52824           
m9_err          = 0.142653          
c9              = -0.119191         
c9_err          = 0.0720978         
m10             = 4.47997           
m10_err         = 0.104029          
c10             = -0.155303         
c10_err         = 0.0525766         
m11             = 4.35124           
m11_err         = 0.1024            
c11             = -0.187524         
c11_err         = 0.0517534         
m12             = 4.34644           
m12_err         = 0.105212          
c12             = -0.186722         
c12_err         = 0.0531745         
m13             = 4.44851           
m13_err         = 0.111284          
c13             = -0.157275         
c13_err         = 0.0562437         
m14             = 4.55272           
m14_err         = 0.128628          
c14             = -0.113357         
c14_err         = 0.0650092         
m15             = 4.58169           
m15_err         = 0.159283          
c15             = -0.0800933        
c15_err         = 0.0805027         
