m0              = 0.0               
m0_err          = 0.0               
c0              = 4.62497           
c0_err          = 0.0               
m1              = 0.576             
m1_err          = 0.00049844        
c1              = -0.181565         
c1_err          = 0.000492244       
m2              = 2.07716           
m2_err          = 0.00401753        
c2              = -0.16799          
c2_err          = 0.0039676         
m3              = 4.04736           
m3_err          = 0.00640676        
c3              = -0.138173         
c3_err          = 0.00323801        
m4              = 5.75472           
m4_err          = 0.118352          
c4              = -0.13756          
c4_err          = 0.0483934         
m5              = 6.06634           
m5_err          = 0.678152          
c5              = -0.282316         
c5_err          = 0.277292          
m6              = 7.81612           
m6_err          = 0.0907586         
c6              = -0.086935         
c6_err          = 0.0283437         
m7              = 7.58227           
m7_err          = 0.285993          
c7              = -0.119739         
c7_err          = 0.0893149         
m8              = 7.05009           
m8_err          = 0.331266          
c8              = -0.138786         
c8_err          = 0.103453          
m9              = 6.30108           
m9_err          = 0.327901          
c9              = -0.152155         
c9_err          = 0.102403          
m10             = 5.80663           
m10_err         = 0.226762          
c10             = -0.143131         
c10_err         = 0.0708173         
m11             = 5.78653           
m11_err         = 0.019717          
c11             = -0.105516         
c11_err         = 0.00615757        
m12             = 6.12317           
m12_err         = 0.189582          
c12             = -0.06714          
c12_err         = 0.0592061         
m13             = 6.68162           
m13_err         = 0.289755          
c13             = -0.045212         
c13_err         = 0.0904898         
m14             = 7.33763           
m14_err         = 0.289403          
c14             = -0.035495         
c14_err         = 0.09038           
m15             = 7.37294           
m15_err         = 0.0217375         
c15             = -0.079385         
c15_err         = 0.00468456        
