m0              = 0.0               
m0_err          = 0.0               
c0              = 4.62497           
c0_err          = 0.0               
m1              = 0.104934          
m1_err          = 0.00234239        
c1              = -2.60829          
c1_err          = 0.00231328        
m2              = 0.25845           
m2_err          = 0.018837          
c2              = -2.85311          
c2_err          = 0.0186029         
m3              = 0.336459          
m3_err          = 0.0386551         
c3              = -2.88039          
c3_err          = 0.0381747         
m4              = 0.400907          
m4_err          = 0.0430796         
c4              = -2.58599          
c4_err          = 0.0425442         
m5              = 0.197611          
m5_err          = 0.0175878         
c5              = -1.40887          
c5_err          = 0.0173692         
m6              = 0.262031          
m6_err          = 0.0128722         
c6              = -1.17609          
c6_err          = 0.0127122         
m7              = 0.255605          
m7_err          = 0.0111105         
c7              = -1.08334          
c7_err          = 0.0109724         
m8              = 0.348411          
m8_err          = 0.0170078         
c8              = -1.51707          
c8_err          = 0.0167964         
m9              = 0.483765          
m9_err          = 0.0312743         
c9              = -2.06471          
c9_err          = 0.0308856         
m10             = 0.441839          
m10_err         = 0.0450976         
c10             = -2.36089          
c10_err         = 0.0445371         
m11             = 0.219565          
m11_err         = 0.0315054         
c11             = -2.01305          
c11_err         = 0.0311139         
m12             = 0.429052          
m12_err         = 0.0519794         
c12             = -2.54902          
c12_err         = 0.0513334         
m13             = 0.469831          
m13_err         = 0.0507658         
c13             = -2.44368          
c13_err         = 0.0501348         
m14             = 0.548674          
m14_err         = 0.0455358         
c14             = -2.21849          
c14_err         = 0.0449698         
m15             = 0.576834          
m15_err         = 0.0293538         
c15             = -1.81712          
c15_err         = 0.028989          
