m0              = 0.0               
m0_err          = 0.0               
c0              = 4.62497           
c0_err          = 0.0               
m1              = 0.563878          
m1_err          = 0.000302191       
c1              = -0.395267         
c1_err          = 0.000298435       
m2              = 2.07172           
m2_err          = 0.00276837        
c2              = -0.388295         
c2_err          = 0.00273396        
m3              = 4.04521           
m3_err          = 0.00791535        
c3              = -0.374419         
c3_err          = 0.00400046        
m4              = 5.90204           
m4_err          = 0.0511123         
c4              = -0.373506         
c4_err          = 0.0208995         
m5              = 6.14559           
m5_err          = 0.755904          
c5              = -0.56648          
c5_err          = 0.309084          
m6              = 7.99575           
m6_err          = 0.160263          
c6              = -0.368905         
c6_err          = 0.0500496         
m7              = 7.2659            
m7_err          = 0.605261          
c7              = -0.454401         
c7_err          = 0.189021          
m8              = 6.40593           
m8_err          = 0.855077          
c8              = -0.503777         
c8_err          = 0.267038          
m9              = 5.97577           
m9_err          = 0.637259          
c9              = -0.471125         
c9_err          = 0.199014          
m10             = 5.86854           
m10_err         = 0.224377          
c10             = -0.396696         
c10_err         = 0.0700722         
m11             = 6.21555           
m11_err         = 0.227049          
c11             = -0.312662         
c11_err         = 0.0709067         
m12             = 6.83122           
m12_err         = 0.587656          
c12             = -0.243585         
c12_err         = 0.183524          
m13             = 7.43834           
m13_err         = 0.653655          
c13             = -0.227072         
c13_err         = 0.204135          
m14             = 6.96064           
m14_err         = 0.0184345         
c14             = -0.348827         
c14_err         = 0.00397275        
m15             = 7.61406           
m15_err         = 0.0071075         
c15             = -0.344545         
c15_err         = 0.00153171        
