m0              = 0.0               
m0_err          = 0.0               
c0              = 4.62497           
c0_err          = 0.0               
m1              = 0.600709          
m1_err          = 0.000889126       
c1              = -0.360405         
c1_err          = 0.000878075       
m2              = 2.0839            
m2_err          = 0.0155363         
c2              = -0.354756         
c2_err          = 0.0153432         
m3              = 3.9369            
m3_err          = 0.0280067         
c3              = -0.303189         
c3_err          = 0.0168565         
m4              = 5.60889           
m4_err          = 0.0727589         
c4              = -0.24886          
c4_err          = 0.0297506         
m5              = 6.03001           
m5_err          = 0.438637          
c5              = -0.326226         
c5_err          = 0.179356          
m6              = 5.86768           
m6_err          = 0.877336          
c6              = -0.429146         
c6_err          = 0.358737          
m7              = 5.94649           
m7_err          = 0.834822          
c7              = -0.420086         
c7_err          = 0.341353          
m8              = 6.13067           
m8_err          = 0.557485          
c8              = -0.348902         
c8_err          = 0.227952          
m9              = 6.60361           
m9_err          = 0.0400157         
c9              = -0.200121         
c9_err          = 0.0124968         
m10             = 5.99864           
m10_err         = 0.0209439         
c10             = -0.219368         
c10_err         = 0.00654072        
m11             = 5.5518            
m11_err         = 0.0410442         
c11             = -0.236642         
c11_err         = 0.012818          
m12             = 5.60104           
m12_err         = 0.0308855         
c12             = -0.233757         
c12_err         = 0.00964548        
m13             = 5.9477            
m13_err         = 0.0521082         
c13             = -0.22393          
c13_err         = 0.0162732         
m14             = 6.49829           
m14_err         = 0.0515418         
c14             = -0.207194         
c14_err         = 0.0160964         
m15             = 6.94596           
m15_err         = 0.0639548         
c15             = -0.191174         
c15_err         = 0.0199729         
