m0              = 0.0               
m0_err          = 0.0               
c0              = 4.62497           
c0_err          = 0.0               
m1              = 0.670908          
m1_err          = 0.000761255       
c1              = -0.45794          
c1_err          = 0.000751793       
m2              = 2.15851           
m2_err          = 0.0129235         
c2              = -0.404382         
c2_err          = 0.0127629         
m3              = 3.5757            
m3_err          = 0.059216          
c3              = -0.304034         
c3_err          = 0.0356406         
m4              = 4.33961           
m4_err          = 0.118948          
c4              = -0.185225         
c4_err          = 0.0601169         
m5              = 4.60281           
m5_err          = 0.135195          
c5              = -0.0721124        
c5_err          = 0.0683285         
m6              = 4.60397           
m6_err          = 0.146807          
c6              = -0.0105543        
c6_err          = 0.0741969         
m7              = 4.6007            
m7_err          = 0.152671          
c7              = -0.00776429       
c7_err          = 0.0771607         
m8              = 4.66251           
m8_err          = 0.136662          
c8              = -0.0424395        
c8_err          = 0.0690696         
m9              = 4.58078           
m9_err          = 0.12861           
c9              = -0.10895          
c9_err          = 0.0650002         
m10             = 4.43169           
m10_err         = 0.120522          
c10             = -0.166875         
c10_err         = 0.0609125         
m11             = 4.35383           
m11_err         = 0.100536          
c11             = -0.186282         
c11_err         = 0.0508116         
m12             = 4.38558           
m12_err         = 0.079003          
c12             = -0.175198         
c12_err         = 0.0399285         
m13             = 4.43314           
m13_err         = 0.11679           
c13             = -0.161371         
c13_err         = 0.0590264         
m14             = 4.5084            
m14_err         = 0.154105          
c14             = -0.124756         
c14_err         = 0.0778853         
m15             = 4.591             
m15_err         = 0.154418          
c15             = -0.075889         
c15_err         = 0.0780439         
