m0              = 0.0               
m0_err          = 0.0               
c0              = 4.62497           
c0_err          = 0.0               
m1              = 0.627903          
m1_err          = 0.000542367       
c1              = -0.539166         
c1_err          = 0.000535626       
m2              = 2.17886           
m2_err          = 0.00982232        
c2              = -0.51441          
c2_err          = 0.00970024        
m3              = 4.08424           
m3_err          = 0.0284219         
c3              = -0.441077         
c3_err          = 0.0143646         
m4              = 5.71644           
m4_err          = 0.0286306         
c4              = -0.372056         
c4_err          = 0.0117069         
m5              = 6.18499           
m5_err          = 0.373705          
c5              = -0.420698         
c5_err          = 0.152805          
m6              = 6.03183           
m6_err          = 0.711566          
c6              = -0.495706         
c6_err          = 0.290955          
m7              = 5.99273           
m7_err          = 0.763677          
c7              = -0.501654         
c7_err          = 0.312263          
m8              = 6.17761           
m8_err          = 0.546875          
c8              = -0.448084         
c8_err          = 0.223614          
m9              = 6.54101           
m9_err          = 0.029889          
c9              = -0.325666         
c9_err          = 0.00933426        
m10             = 6.00944           
m10_err         = 0.0196296         
c10             = -0.352536         
c10_err         = 0.00613027        
m11             = 5.67403           
m11_err         = 0.00504962        
c11             = -0.365965         
c11_err         = 0.00157698        
m12             = 5.65964           
m12_err         = 0.0256693         
c12             = -0.369309         
c12_err         = 0.00801646        
m13             = 5.92498           
m13_err         = 0.059905          
c13             = -0.361322         
c13_err         = 0.0187082         
m14             = 6.50482           
m14_err         = 0.0273744         
c14             = -0.32753          
c14_err         = 0.00854894        
m15             = 6.87089           
m15_err         = 0.0703572         
c15             = -0.311283         
c15_err         = 0.0219724         
