m0              = 0.0               
m0_err          = 0.0               
c0              = 4.62497           
c0_err          = 0.0               
m1              = 0.732251          
m1_err          = 0.00144638        
c1              = -0.734828         
c1_err          = 0.00142841        
m2              = 2.14858           
m2_err          = 0.0313207         
c2              = -0.68525          
c2_err          = 0.0309314         
m3              = 2.85867           
m3_err          = 0.212889          
c3              = -0.675015         
c3_err          = 0.169193          
m4              = 2.83999           
m4_err          = 0.290513          
c4              = -0.569321         
c4_err          = 0.230884          
m5              = 2.84783           
m5_err          = 0.196093          
c5              = -0.273633         
c5_err          = 0.155844          
m6              = 2.92321           
m6_err          = 0.106586          
c6              = -0.0236504        
c6_err          = 0.0847084         
m7              = 2.99596           
m7_err          = 0.122767          
c7              = 0.0150117         
c7_err          = 0.0857305         
m8              = 3.10156           
m8_err          = 0.13351           
c8              = -0.0993467        
c8_err          = 0.0932328         
m9              = 3.23358           
m9_err          = 0.148681          
c9              = -0.249805         
c9_err          = 0.103826          
m10             = 3.35381           
m10_err         = 0.134424          
c10             = -0.346216         
c10_err         = 0.0938707         
m11             = 3.38316           
m11_err         = 0.144385          
c11             = -0.405783         
c11_err         = 0.100827          
m12             = 3.29373           
m12_err         = 0.181348          
c12             = -0.431014         
c12_err         = 0.126639          
m13             = 3.2075            
m13_err         = 0.220869          
c13             = -0.400358         
c13_err         = 0.154237          
m14             = 3.4754            
m14_err         = 0.130139          
c14             = -0.186464         
c14_err         = 0.0783277         
m15             = 3.37459           
m15_err         = 0.130916          
c15             = -0.0856336        
c15_err         = 0.0787953         
