m0              = 0.0               
m0_err          = 0.0               
c0              = 4.62497           
c0_err          = 0.0               
m1              = 0.285023          
m1_err          = 0.00296269        
c1              = -2.28782          
c1_err          = 0.00292586        
m2              = 0.988271          
m2_err          = 0.0184708         
c2              = -2.3708           
c2_err          = 0.0182413         
m3              = 1.63506           
m3_err          = 0.0476976         
c3              = -2.34807          
c3_err          = 0.0471048         
m4              = 1.68566           
m4_err          = 0.0716309         
c4              = -2.13392          
c4_err          = 0.0707406         
m5              = 0.693405          
m5_err          = 0.0557028         
c5              = -1.40172          
c5_err          = 0.0550105         
m6              = 0.437358          
m6_err          = 0.023265          
c6              = -0.630478         
c6_err          = 0.0229758         
m7              = 0.461876          
m7_err          = 0.0219571         
c7              = -0.628683         
c7_err          = 0.0216842         
m8              = 1.03813           
m8_err          = 0.0408642         
c8              = -1.40509          
c8_err          = 0.0403563         
m9              = 1.59891           
m9_err          = 0.0629272         
c9              = -1.89682          
c9_err          = 0.0621451         
m10             = 1.3984            
m10_err         = 0.110681          
c10             = -2.18254          
c10_err         = 0.109306          
m11             = 0.898749          
m11_err         = 0.102134          
c11             = -2.12068          
c11_err         = 0.100864          
m12             = 1.54148           
m12_err         = 0.066666          
c12             = -2.15213          
c12_err         = 0.0658374         
m13             = 1.3038            
m13_err         = 0.0643748         
c13             = -2.07175          
c13_err         = 0.0635747         
m14             = 1.65236           
m14_err         = 0.0631228         
c14             = -2.06573          
c14_err         = 0.0623383         
m15             = 2.03574           
m15_err         = 0.0562274         
c15             = -1.99926          
c15_err         = 0.0555286         
