m0              = 0.0               
m0_err          = 0.0               
c0              = 4.62497           
c0_err          = 0.0               
m1              = 0.670449          
m1_err          = 0.000707469       
c1              = -0.455885         
c1_err          = 0.000698676       
m2              = 2.09012           
m2_err          = 0.0228977         
c2              = -0.419437         
c2_err          = 0.0226131         
m3              = 3.3939            
m3_err          = 0.0769302         
c3              = -0.340613         
c3_err          = 0.0537217         
m4              = 4.20271           
m4_err          = 0.130843          
c4              = -0.192062         
c4_err          = 0.066129          
m5              = 4.32042           
m5_err          = 0.196005          
c5              = -0.109887         
c5_err          = 0.0990618         
m6              = 4.2963            
m6_err          = 0.218569          
c6              = -0.0495857        
c6_err          = 0.110466          
m7              = 4.37069           
m7_err          = 0.190712          
c7              = -0.0305595        
c7_err          = 0.0963872         
m8              = 4.39909           
m8_err          = 0.19071           
c8              = -0.0736714        
c8_err          = 0.096386          
m9              = 4.34835           
m9_err          = 0.178811          
c9              = -0.13859          
c9_err          = 0.0903719         
m10             = 4.20465           
m10_err         = 0.164962          
c10             = -0.192075         
c10_err         = 0.0833728         
m11             = 4.21418           
m11_err         = 0.126886          
c11             = -0.202094         
c11_err         = 0.0641289         
m12             = 4.19276           
m12_err         = 0.130419          
c12             = -0.205209         
c12_err         = 0.0659145         
m13             = 4.28082           
m13_err         = 0.14735           
c13             = -0.177456         
c13_err         = 0.0744715         
m14             = 4.41229           
m14_err         = 0.15386           
c14             = -0.129212         
c14_err         = 0.0777616         
m15             = 4.47852           
m15_err         = 0.164312          
c15             = -0.08204          
c15_err         = 0.0830444         
