m0              = 0.0               
m0_err          = 0.0               
c0              = 4.62497           
c0_err          = 0.0               
m1              = 0.661181          
m1_err          = 0.0010272         
c1              = -0.453155         
c1_err          = 0.00101443        
m2              = 1.99629           
m2_err          = 0.0350708         
c2              = -0.446435         
c2_err          = 0.0346349         
m3              = 3.18063           
m3_err          = 0.105907          
c3              = -0.376081         
c3_err          = 0.0739571         
m4              = 3.40119           
m4_err          = 0.223835          
c4              = -0.390323         
c4_err          = 0.156308          
m5              = 3.35119           
m5_err          = 0.273583          
c5              = -0.339017         
c5_err          = 0.191048          
m6              = 3.33121           
m6_err          = 0.284731          
c6              = -0.28053          
c6_err          = 0.198833          
m7              = 3.34284           
m7_err          = 0.270351          
c7              = -0.265313         
c7_err          = 0.188791          
m8              = 3.33457           
m8_err          = 0.282781          
c8              = -0.323583         
c8_err          = 0.197471          
m9              = 3.45333           
m9_err          = 0.240083          
c9              = -0.341438         
c9_err          = 0.167655          
m10             = 3.47025           
m10_err         = 0.226696          
c10             = -0.373445         
c10_err         = 0.158306          
m11             = 3.37471           
m11_err         = 0.216567          
c11             = -0.400646         
c11_err         = 0.151233          
m12             = 3.34893           
m12_err         = 0.243291          
c12             = -0.409734         
c12_err         = 0.169895          
m13             = 3.69869           
m13_err         = 0.213706          
c13             = -0.282406         
c13_err         = 0.128624          
m14             = 3.72412           
m14_err         = 0.234906          
c14             = -0.249863         
c14_err         = 0.141384          
m15             = 3.76782           
m15_err         = 0.24386           
c15             = -0.205896         
c15_err         = 0.146773          
