m0              = 0.0               
m0_err          = 0.0               
c0              = 4.62497           
c0_err          = 0.0               
m1              = 0.285218          
m1_err          = 0.00298866        
c1              = -2.28757          
c1_err          = 0.00295152        
m2              = 0.993151          
m2_err          = 0.0181348         
c2              = -2.36983          
c2_err          = 0.0179094         
m3              = 1.6477            
m3_err          = 0.0465939         
c3              = -2.34485          
c3_err          = 0.0460148         
m4              = 1.69681           
m4_err          = 0.0709233         
c4              = -2.13633          
c4_err          = 0.0700419         
m5              = 0.6922            
m5_err          = 0.0558289         
c5              = -1.39883          
c5_err          = 0.0551351         
m6              = 0.440837          
m6_err          = 0.0234223         
c6              = -0.633184         
c6_err          = 0.0231312         
m7              = 0.460657          
m7_err          = 0.0220695         
c7              = -0.627438         
c7_err          = 0.0217952         
m8              = 1.03188           
m8_err          = 0.0415578         
c8              = -1.40622          
c8_err          = 0.0410413         
m9              = 1.59732           
m9_err          = 0.0637584         
c9              = -1.89837          
c9_err          = 0.0629659         
m10             = 1.39702           
m10_err         = 0.113868          
c10             = -2.18676          
c10_err         = 0.112453          
m11             = 0.896839          
m11_err         = 0.101989          
c11             = -2.12248          
c11_err         = 0.100722          
m12             = 1.54276           
m12_err         = 0.0664169         
c12             = -2.15223          
c12_err         = 0.0655914         
m13             = 1.29493           
m13_err         = 0.0668114         
c13             = -2.07508          
c13_err         = 0.065981          
m14             = 1.65127           
m14_err         = 0.063044          
c14             = -2.06437          
c14_err         = 0.0622604         
m15             = 2.04257           
m15_err         = 0.0513699         
c15             = -1.99489          
c15_err         = 0.0507314         
