m0              = 0.0               
m0_err          = 0.0               
c0              = 4.62497           
c0_err          = 0.0               
m1              = 0.603403          
m1_err          = 0.000314193       
c1              = -0.247265         
c1_err          = 0.000310288       
m2              = 2.13176           
m2_err          = 0.00733369        
c2              = -0.226391         
c2_err          = 0.00724254        
m3              = 4.04608           
m3_err          = 0.0108004         
c3              = -0.1666           
c3_err          = 0.00545858        
m4              = 5.70965           
m4_err          = 0.0311255         
c4              = -0.11819          
c4_err          = 0.012727          
m5              = 6.17157           
m5_err          = 0.441038          
c5              = -0.191776         
c5_err          = 0.180337          
m6              = 6.0181            
m6_err          = 0.822783          
c6              = -0.289652         
c6_err          = 0.336431          
m7              = 6.10053           
m7_err          = 0.831205          
c7              = -0.283176         
c7_err          = 0.339874          
m8              = 6.25117           
m8_err          = 0.581069          
c8              = -0.220066         
c8_err          = 0.237595          
m9              = 6.62887           
m9_err          = 0.0119384         
c9              = -0.076152         
c9_err          = 0.00372834        
m10             = 6.03088           
m10_err         = 0.00563402        
c10             = -0.09728          
c10_err         = 0.00175949        
m11             = 5.61933           
m11_err         = 0.00620949        
c11             = -0.11295          
c11_err         = 0.00193921        
m12             = 5.61069           
m12_err         = 0.0144621         
c12             = -0.112702         
c12_err         = 0.00451649        
m13             = 5.9748            
m13_err         = 0.0278958         
c13             = -0.105473         
c13_err         = 0.0087118         
m14             = 6.55908           
m14_err         = 0.00718849        
c14             = -0.079473         
c14_err         = 0.00224495        
m15             = 7.00119           
m15_err         = 0.0225421         
c15             = -0.065324         
c15_err         = 0.00703983        
