m0              = 0.0               
m0_err          = 0.0               
c0              = 4.62497           
c0_err          = 0.0               
m1              = 0.345585          
m1_err          = 0.00938192        
c1              = -2.41878          
c1_err          = 0.00926531        
m2              = 0.938827          
m2_err          = 0.0549523         
c2              = -2.57546          
c2_err          = 0.0542693         
m3              = 1.25221           
m3_err          = 0.0941115         
c3              = -2.47279          
c3_err          = 0.0929418         
m4              = 1.23273           
m4_err          = 0.0896707         
c4              = -2.00057          
c4_err          = 0.0885562         
m5              = 0.568593          
m5_err          = 0.0459158         
c5              = -0.936204         
c5_err          = 0.0453451         
m6              = 0.50528           
m6_err          = 0.0175475         
c6              = -0.237822         
c6_err          = 0.0173294         
m7              = 0.53241           
m7_err          = 0.0154742         
c7              = -0.218949         
c7_err          = 0.0152819         
m8              = 0.905824          
m8_err          = 0.0331715         
c8              = -0.932675         
c8_err          = 0.0327592         
m9              = 1.2394            
m9_err          = 0.0617684         
c9              = -1.5526           
c9_err          = 0.0610007         
m10             = 1.07351           
m10_err         = 0.0926764         
c10             = -1.89399          
c10_err         = 0.0915245         
m11             = 0.629646          
m11_err         = 0.0818997         
c11             = -1.79607          
c11_err         = 0.0808818         
m12             = 1.22665           
m12_err         = 0.0910801         
c12             = -2.04968          
c12_err         = 0.0899481         
m13             = 1.29072           
m13_err         = 0.0812939         
c13             = -1.89028          
c13_err         = 0.0802835         
m14             = 1.34259           
m14_err         = 0.0659864         
c14             = -1.61077          
c14_err         = 0.0651663         
m15             = 1.32992           
m15_err         = 0.0462456         
c15             = -1.28944          
c15_err         = 0.0456708         
