m0              = 0.0               
m0_err          = 0.0               
c0              = 4.62497           
c0_err          = 0.0               
m1              = 0.655775          
m1_err          = 0.00152048        
c1              = -0.451102         
c1_err          = 0.00150158        
m2              = 1.9738            
m2_err          = 0.0384045         
c2              = -0.448219         
c2_err          = 0.0379272         
m3              = 2.65832           
m3_err          = 0.152244          
c3              = -0.552497         
c3_err          = 0.135674          
m4              = 2.93375           
m4_err          = 0.25475           
c4              = -0.529988         
c4_err          = 0.202462          
m5              = 2.96028           
m5_err          = 0.284592          
c5              = -0.469537         
c5_err          = 0.226178          
m6              = 3.34027           
m6_err          = 0.275764          
c6              = -0.275173         
c6_err          = 0.192571          
m7              = 3.34916           
m7_err          = 0.283348          
c7              = -0.267828         
c7_err          = 0.197867          
m8              = 3.32396           
m8_err          = 0.265309          
c8              = -0.310541         
c8_err          = 0.18527           
m9              = 3.3009            
m9_err          = 0.262193          
c9              = -0.36814          
c9_err          = 0.183094          
m10             = 3.33623           
m10_err         = 0.232651          
c10             = -0.386732         
c10_err         = 0.162465          
m11             = 3.40071           
m11_err         = 0.210385          
c11             = -0.387664         
c11_err         = 0.146916          
m12             = 3.35442           
m12_err         = 0.235583          
c12             = -0.404945         
c12_err         = 0.164512          
m13             = 3.7764            
m13_err         = 0.204636          
c13             = -0.275116         
c13_err         = 0.123165          
m14             = 3.82031           
m14_err         = 0.221178          
c14             = -0.235008         
c14_err         = 0.133122          
m15             = 3.72024           
m15_err         = 0.254835          
c15             = -0.216343         
c15_err         = 0.153379          
