m0              = 0.0               
m0_err          = 0.0               
c0              = 4.62497           
c0_err          = 0.0               
m1              = 0.284279          
m1_err          = 0.00306135        
c1              = -2.2859           
c1_err          = 0.0030233         
m2              = 0.99037           
m2_err          = 0.0185717         
c2              = -2.37047          
c2_err          = 0.0183408         
m3              = 1.65038           
m3_err          = 0.0462841         
c3              = -2.34339          
c3_err          = 0.0457088         
m4              = 1.69463           
m4_err          = 0.0689374         
c4              = -2.13308          
c4_err          = 0.0680806         
m5              = 0.693303          
m5_err          = 0.0556137         
c5              = -1.40102          
c5_err          = 0.0549225         
m6              = 0.439993          
m6_err          = 0.023021          
c6              = -0.629932         
c6_err          = 0.0227349         
m7              = 0.460588          
m7_err          = 0.022089          
c7              = -0.628637         
c7_err          = 0.0218145         
m8              = 1.03202           
m8_err          = 0.0418835         
c8              = -1.40606          
c8_err          = 0.0413629         
m9              = 1.59404           
m9_err          = 0.063311          
c9              = -1.89805          
c9_err          = 0.0625241         
m10             = 1.39499           
m10_err         = 0.11129           
c10             = -2.1836           
c10_err         = 0.109906          
m11             = 0.895332          
m11_err         = 0.102869          
c11             = -2.12252          
c11_err         = 0.101591          
m12             = 1.54711           
m12_err         = 0.0674404         
c12             = -2.15349          
c12_err         = 0.0666022         
m13             = 1.29948           
m13_err         = 0.0654057         
c13             = -2.07317          
c13_err         = 0.0645928         
m14             = 1.66685           
m14_err         = 0.0626342         
c14             = -2.06136          
c14_err         = 0.0618557         
m15             = 2.00494           
m15_err         = 0.0602908         
c15             = -2.01072          
c15_err         = 0.0595414         
