m0              = 0.0               
m0_err          = 0.0               
c0              = 4.62497           
c0_err          = 0.0               
m1              = 0.738611          
m1_err          = 0.00102543        
c1              = -0.73478          
c1_err          = 0.00101268        
m2              = 2.2857            
m2_err          = 0.00910638        
c2              = -0.640942         
c2_err          = 0.0089932         
m3              = 3.35105           
m3_err          = 0.0670534         
c3              = -0.514936         
c3_err          = 0.0468246         
m4              = 3.36839           
m4_err          = 0.206736          
c4              = -0.406478         
c4_err          = 0.144368          
m5              = 3.17763           
m5_err          = 0.193403          
c5              = -0.187808         
c5_err          = 0.135057          
m6              = 3.18114           
m6_err          = 0.0986627         
c6              = 0.0278942         
c6_err          = 0.068898          
m7              = 3.29938           
m7_err          = 0.0751203         
c7              = 0.0822933         
c7_err          = 0.0524578         
m8              = 3.42223           
m8_err          = 0.108547          
c8              = -0.0273079        
c8_err          = 0.0653314         
m9              = 3.59416           
m9_err          = 0.114666          
c9              = -0.167265         
c9_err          = 0.0690148         
m10             = 3.69822           
m10_err         = 0.112447          
c10             = -0.275311         
c10_err         = 0.0676791         
m11             = 3.74184           
m11_err         = 0.0927635         
c11             = -0.316072         
c11_err         = 0.055832          
m12             = 3.67284           
m12_err         = 0.104179          
c12             = -0.323345         
c12_err         = 0.062703          
m13             = 3.67068           
m13_err         = 0.106313          
c13             = -0.266069         
c13_err         = 0.0639869         
m14             = 3.60882           
m14_err         = 0.111149          
c14             = -0.170245         
c14_err         = 0.0668975         
m15             = 3.57714           
m15_err         = 0.0987805         
c15             = -0.062145         
c15_err         = 0.0594535         
