m0              = 0.0               
m0_err          = 0.0               
c0              = 4.62497           
c0_err          = 0.0               
m1              = 0.559789          
m1_err          = 0.000381453       
c1              = -0.136807         
c1_err          = 0.000376712       
m2              = 2.04729           
m2_err          = 0.00272655        
c2              = -0.13175          
c2_err          = 0.00269266        
m3              = 3.98643           
m3_err          = 0.0172067         
c3              = -0.130936         
c3_err          = 0.0103563         
m4              = 5.94514           
m4_err          = 0.0326522         
c4              = -0.115048         
c4_err          = 0.0133513         
m5              = 6.14327           
m5_err          = 0.801663          
c5              = -0.326724         
c5_err          = 0.327795          
m6              = 6.14869           
m6_err          = 0.957857          
c6              = -0.418852         
c6_err          = 0.391661          
m7              = 7.22943           
m7_err          = 0.653816          
c7              = -0.214113         
c7_err          = 0.204185          
m8              = 6.47372           
m8_err          = 0.772666          
c8              = -0.242218         
c8_err          = 0.241302          
m9              = 5.96356           
m9_err          = 0.641968          
c9              = -0.220282         
c9_err          = 0.200485          
m10             = 5.89264           
m10_err         = 0.226107          
c10             = -0.146748         
c10_err         = 0.0706126         
m11             = 6.28357           
m11_err         = 0.265197          
c11             = -0.054371         
c11_err         = 0.0828203         
m12             = 6.8094            
m12_err         = 0.541584          
c12             = -0.001923         
c12_err         = 0.169135          
m13             = 7.36913           
m13_err         = 0.59381           
c13             = 0.012886          
c13_err         = 0.185445          
m14             = 6.98706           
m14_err         = 0.0187458         
c14             = -0.0986967        
c14_err         = 0.00403983        
m15             = 7.62164           
m15_err         = 0.0218586         
c15             = -0.0959967        
c15_err         = 0.00471065        
