m0              = 0.0               
m0_err          = 0.0               
c0              = 4.62497           
c0_err          = 0.0               
m1              = 0.670464          
m1_err          = 0.000996603       
c1              = -0.457876         
c1_err          = 0.000984216       
m2              = 2.1589            
m2_err          = 0.0121339         
c2              = -0.404806         
c2_err          = 0.0119831         
m3              = 3.54983           
m3_err          = 0.0648121         
c3              = -0.307366         
c3_err          = 0.0390088         
m4              = 4.36132           
m4_err          = 0.113434          
c4              = -0.182539         
c4_err          = 0.0573302         
m5              = 4.57845           
m5_err          = 0.144224          
c5              = -0.0789219        
c5_err          = 0.0728914         
m6              = 4.62905           
m6_err          = 0.142577          
c6              = -0.00674286       
c6_err          = 0.0720594         
m7              = 4.60134           
m7_err          = 0.150146          
c7              = -0.00489476       
c7_err          = 0.0758844         
m8              = 4.59725           
m8_err          = 0.156782          
c8              = -0.0562162        
c8_err          = 0.0792387         
m9              = 4.53521           
m9_err          = 0.136764          
c9              = -0.116097         
c9_err          = 0.0691211         
m10             = 4.47687           
m10_err         = 0.105709          
c10             = -0.158609         
c10_err         = 0.0534257         
m11             = 4.33349           
m11_err         = 0.116608          
c11             = -0.197791         
c11_err         = 0.0589342         
m12             = 4.28318           
m12_err         = 0.116728          
c12             = -0.198925         
c12_err         = 0.0589949         
m13             = 4.44139           
m13_err         = 0.116839          
c13             = -0.163656         
c13_err         = 0.059051          
m14             = 4.54384           
m14_err         = 0.135496          
c14             = -0.115339         
c14_err         = 0.0684802         
m15             = 4.58848           
m15_err         = 0.15944           
c15             = -0.0777062        
c15_err         = 0.0805817         
