m0              = 0.0               
m0_err          = 0.0               
c0              = 4.62497           
c0_err          = 0.0               
m1              = 0.542846          
m1_err          = 0.00917267        
c1              = -2.38933          
c1_err          = 0.00905867        
m2              = 1.56264           
m2_err          = 0.0533441         
c2              = -2.45585          
c2_err          = 0.0526811         
m3              = 2.21928           
m3_err          = 0.105796          
c3              = -2.34514          
c3_err          = 0.104481          
m4              = 1.91237           
m4_err          = 0.118976          
c4              = -1.91232          
c4_err          = 0.117497          
m5              = 0.889086          
m5_err          = 0.0686478         
c5              = -0.930433         
c5_err          = 0.0677946         
m6              = 0.666307          
m6_err          = 0.019805          
c6              = -0.0455582        
c6_err          = 0.0195588         
m7              = 0.722624          
m7_err          = 0.0157787         
c7              = -0.0324568        
c7_err          = 0.0155826         
m8              = 1.33448           
m8_err          = 0.0325827         
c8              = -0.765166         
c8_err          = 0.0321777         
m9              = 1.95571           
m9_err          = 0.06658           
c9              = -1.40414          
c9_err          = 0.0657525         
m10             = 1.45287           
m10_err         = 0.141073          
c10             = -1.86606          
c10_err         = 0.13932           
m11             = 0.999833          
m11_err         = 0.136443          
c11             = -1.91932          
c11_err         = 0.134747          
m12             = 1.90469           
m12_err         = 0.126181          
c12             = -1.97719          
c12_err         = 0.124613          
m13             = 2.12539           
m13_err         = 0.0851835         
c13             = -1.74528          
c13_err         = 0.0841248         
m14             = 2.25237           
m14_err         = 0.0480734         
c14             = -1.40728          
c14_err         = 0.0474759         
m15             = 2.0898            
m15_err         = 0.029615          
c15             = -1.06833          
c15_err         = 0.0292469         
