m0              = 0.0               
m0_err          = 0.0               
c0              = 4.62497           
c0_err          = 0.0               
m1              = 0.735231          
m1_err          = 0.000667793       
c1              = -0.903737         
c1_err          = 0.000659493       
m2              = 2.49625           
m2_err          = 0.00801811        
c2              = -0.825216         
c2_err          = 0.00714544        
m3              = 4.32149           
m3_err          = 0.0223469         
c3              = -0.696889         
c3_err          = 0.0112943         
m4              = 5.63084           
m4_err          = 0.0197541         
c4              = -0.540236         
c4_err          = 0.00807733        
m5              = 6.00376           
m5_err          = 0.142817          
c5              = -0.444012         
c5_err          = 0.0583971         
m6              = 6.01968           
m6_err          = 0.196307          
c6              = -0.387428         
c6_err          = 0.0802687         
m7              = 5.99442           
m7_err          = 0.247866          
c7              = -0.392722         
c7_err          = 0.101351          
m8              = 6.04376           
m8_err          = 0.132787          
c8              = -0.416138         
c8_err          = 0.0542957         
m9              = 6.07302           
m9_err          = 0.02619           
c9              = -0.451414         
c9_err          = 0.00817908        
m10             = 5.80035           
m10_err         = 0.000966          
c10             = -0.514148         
c10_err         = 0.000301679       
m11             = 5.56611           
m11_err         = 0.00718806        
c11             = -0.553121         
c11_err         = 0.00224481        
m12             = 5.54284           
m12_err         = 0.0105563         
c12             = -0.551066         
c12_err         = 0.00329669        
m13             = 5.78352           
m13_err         = 0.00761086        
c13             = -0.512418         
c13_err         = 0.00237685        
m14             = 6.04658           
m14_err         = 0.0157342         
c14             = -0.456046         
c14_err         = 0.00491376        
m15             = 6.24124           
m15_err         = 0.00990815        
c15             = -0.396935         
c15_err         = 0.00309429        
