m0              = 0.0               
m0_err          = 0.0               
c0              = 4.62497           
c0_err          = 0.0               
m1              = 0.645244          
m1_err          = 0.000579186       
c1              = -0.719622         
c1_err          = 0.000571987       
m2              = 2.26147           
m2_err          = 0.0032714         
c2              = -0.676396         
c2_err          = 0.00323075        
m3              = 4.23301           
m3_err          = 0.0110404         
c3              = -0.591419         
c3_err          = 0.00557986        
m4              = 5.81997           
m4_err          = 0.0356635         
c4              = -0.515184         
c4_err          = 0.0145826         
m5              = 5.97997           
m5_err          = 0.503013          
c5              = -0.600536         
c5_err          = 0.205679          
m6              = 6.13964           
m6_err          = 0.686875          
c6              = -0.6195           
c6_err          = 0.280859          
m7              = 6.38686           
m7_err          = 0.597881          
c7              = -0.577764         
c7_err          = 0.24447           
m8              = 7.09787           
m8_err          = 0.0136162         
c8              = -0.438122         
c8_err          = 0.0042523         
m9              = 6.64763           
m9_err          = 0.0263569         
c9              = -0.468024         
c9_err          = 0.0082312         
m10             = 6.05335           
m10_err         = 0.00764143        
c10             = -0.505095         
c10_err         = 0.0023864         
m11             = 5.69622           
m11_err         = 0.00619553        
c11             = -0.525565         
c11_err         = 0.00193485        
m12             = 5.70058           
m12_err         = 0.0107602         
c12             = -0.525248         
c12_err         = 0.00336039        
m13             = 6.01457           
m13_err         = 0.0139192         
c13             = -0.506838         
c13_err         = 0.00434694        
m14             = 6.52429           
m14_err         = 0.0118075         
c14             = -0.476624         
c14_err         = 0.00368746        
m15             = 6.96211           
m15_err         = 0.0323425         
c15             = -0.44317          
c15_err         = 0.0101005         
