m0              = 0.0               
m0_err          = 0.0               
c0              = 4.62497           
c0_err          = 0.0               
m1              = 0.583354          
m1_err          = 0.000549439       
c1              = -0.596303         
c1_err          = 0.00054261        
m2              = 2.09363           
m2_err          = 0.00500102        
c2              = -0.58635          
c2_err          = 0.00493886        
m3              = 4.07775           
m3_err          = 0.00853673        
c3              = -0.549941         
c3_err          = 0.00431451        
m4              = 5.93776           
m4_err          = 0.024954          
c4              = -0.516584         
c4_err          = 0.0102035         
m5              = 6.09748           
m5_err          = 0.67854           
c5              = -0.68259          
c5_err          = 0.27745           
m6              = 6.23844           
m6_err          = 0.958546          
c6              = -0.755576         
c6_err          = 0.391943          
m7              = 7.67055           
m7_err          = 0.219951          
c7              = -0.51328          
c7_err          = 0.06869           
m8              = 7.00744           
m8_err          = 0.338175          
c8              = -0.544892         
c8_err          = 0.105611          
m9              = 6.26252           
m9_err          = 0.374065          
c9              = -0.566117         
c9_err          = 0.116819          
m10             = 5.86459           
m10_err         = 0.213559          
c10             = -0.546551         
c10_err         = 0.0666939         
m11             = 5.77565           
m11_err         = 0.0127316         
c11             = -0.51659          
c11_err         = 0.00397605        
m12             = 6.19546           
m12_err         = 0.231743          
c12             = -0.471363         
c12_err         = 0.0723727         
m13             = 6.75662           
m13_err         = 0.290169          
c13             = -0.448857         
c13_err         = 0.0906191         
m14             = 7.28129           
m14_err         = 0.249951          
c14             = -0.446131         
c14_err         = 0.0780591         
m15             = 7.43102           
m15_err         = 0.000207518       
c15             = -0.48418          
c15_err         = 4.47214e-05       
