m0              = 0.0               
m0_err          = 0.0               
c0              = 4.62497           
c0_err          = 0.0               
m1              = 0.105014          
m1_err          = 0.00224069        
c1              = -2.60943          
c1_err          = 0.00221284        
m2              = 0.256774          
m2_err          = 0.0187341         
c2              = -2.84377          
c2_err          = 0.0185013         
m3              = 0.332219          
m3_err          = 0.0383147         
c3              = -2.86823          
c3_err          = 0.0378385         
m4              = 0.398806          
m4_err          = 0.0428185         
c4              = -2.58198          
c4_err          = 0.0422864         
m5              = 0.197253          
m5_err          = 0.017497          
c5              = -1.40486          
c5_err          = 0.0172796         
m6              = 0.260272          
m6_err          = 0.0127846         
c6              = -1.17001          
c6_err          = 0.0126257         
m7              = 0.255568          
m7_err          = 0.0110226         
c7              = -1.0853           
c7_err          = 0.0108856         
m8              = 0.348353          
m8_err          = 0.0169118         
c8              = -1.5173           
c8_err          = 0.0167016         
m9              = 0.486543          
m9_err          = 0.031025          
c9              = -2.06898          
c9_err          = 0.0306394         
m10             = 0.446576          
m10_err         = 0.0457078         
c10             = -2.3662           
c10_err         = 0.0451397         
m11             = 0.219207          
m11_err         = 0.0316751         
c11             = -2.01181          
c11_err         = 0.0312814         
m12             = 0.432517          
m12_err         = 0.0523019         
c12             = -2.55466          
c12_err         = 0.0516519         
m13             = 0.470432          
m13_err         = 0.050277          
c13             = -2.44097          
c13_err         = 0.0496521         
m14             = 0.54309           
m14_err         = 0.0451054         
c14             = -2.20935          
c14_err         = 0.0445448         
m15             = 0.576749          
m15_err         = 0.0290369         
c15             = -1.81812          
c15_err         = 0.028676          
