m0              = 0.0               
m0_err          = 0.0               
c0              = 4.62497           
c0_err          = 0.0               
m1              = 0.665228          
m1_err          = 0.00502481        
c1              = -1.66861          
c1_err          = 0.00496235        
m2              = 1.59511           
m2_err          = 0.0524185         
c2              = -1.67734          
c2_err          = 0.051767          
m3              = 1.93256           
m3_err          = 0.0903095         
c3              = -1.52128          
c3_err          = 0.089187          
m4              = 1.76318           
m4_err          = 0.0855802         
c4              = -1.03743          
c4_err          = 0.0845165         
m5              = 1.28802           
m5_err          = 0.0457426         
c5              = -0.259652         
c5_err          = 0.0451741         
m6              = 0.824957          
m6_err          = 0.0209308         
c6              = 0.461632          
c6_err          = 0.0206707         
m7              = 0.815384          
m7_err          = 0.0204601         
c7              = 0.488368          
c7_err          = 0.0202058         
m8              = 1.20035           
m8_err          = 0.0366991         
c8              = -0.0656427        
c8_err          = 0.036243          
m9              = 1.59324           
m9_err          = 0.0587312         
c9              = -0.589274         
c9_err          = 0.0580012         
m10             = 1.74117           
m10_err         = 0.0805112         
c10             = -0.931385         
c10_err         = 0.0795106         
m11             = 1.76465           
m11_err         = 0.0927621         
c11             = -1.097            
c11_err         = 0.0916092         
m12             = 1.79909           
m12_err         = 0.0854824         
c12             = -1.08931          
c12_err         = 0.08442           
m13             = 1.74848           
m13_err         = 0.0777246         
c13             = -0.932907         
c13_err         = 0.0767586         
m14             = 1.67823           
m14_err         = 0.0579906         
c14             = -0.610397         
c14_err         = 0.0572699         
m15             = 1.51887           
m15_err         = 0.0334797         
c15             = -0.218455         
c15_err         = 0.0330636         
