m0              = 0.0               
m0_err          = 0.0               
c0              = 4.62497           
c0_err          = 0.0               
m1              = 0.642036          
m1_err          = 0.000219787       
c1              = -0.360219         
c1_err          = 0.000217055       
m2              = 2.21257           
m2_err          = 0.00319717        
c2              = -0.304553         
c2_err          = 0.00315743        
m3              = 3.93257           
m3_err          = 0.0230011         
c3              = -0.2369           
c3_err          = 0.0138438         
m4              = 5.45028           
m4_err          = 0.0199438         
c4              = -0.124728         
c4_err          = 0.00815489        
m5              = 6.0302            
m5_err          = 0.153694          
c5              = -0.084914         
c5_err          = 0.0628446         
m6              = 5.9323            
m6_err          = 0.406876          
c6              = -0.117568         
c6_err          = 0.166369          
m7              = 5.7207            
m7_err          = 0.532552          
c7              = -0.150792         
c7_err          = 0.217757          
m8              = 5.67027           
m8_err          = 0.440183          
c8              = -0.155714         
c8_err          = 0.179988          
m9              = 5.73071           
m9_err          = 0.214209          
c9              = -0.129224         
c9_err          = 0.0875886         
m10             = 5.79346           
m10_err         = 0.108482          
c10             = -0.078886         
c10_err         = 0.0443576         
m11             = 5.31826           
m11_err         = 0.0379728         
c11             = -0.134332         
c11_err         = 0.0118588         
m12             = 5.3421            
m12_err         = 0.0346984         
c12             = -0.131226         
c12_err         = 0.0108362         
m13             = 5.6376            
m13_err         = 0.0329274         
c13             = -0.106295         
c13_err         = 0.0102831         
m14             = 6.02502           
m14_err         = 0.0334554         
c14             = -0.070317         
c14_err         = 0.010448          
m15             = 6.27322           
m15_err         = 0.0854415         
c15             = -0.046348         
c15_err         = 0.0266832         
