m0              = 0.0               
m0_err          = 0.0               
c0              = 4.62497           
c0_err          = 0.0               
m1              = 0.29037           
m1_err          = 0.0031688         
c1              = -2.29335          
c1_err          = 0.00312942        
m2              = 1.00332           
m2_err          = 0.0190818         
c2              = -2.37658          
c2_err          = 0.0188446         
m3              = 1.66055           
m3_err          = 0.0468494         
c3              = -2.34668          
c3_err          = 0.0462671         
m4              = 1.71577           
m4_err          = 0.0701801         
c4              = -2.12541          
c4_err          = 0.0693079         
m5              = 0.69298           
m5_err          = 0.0558617         
c5              = -1.38149          
c5_err          = 0.0551674         
m6              = 0.452374          
m6_err          = 0.023386          
c6              = -0.624489         
c6_err          = 0.0230953         
m7              = 0.479114          
m7_err          = 0.0220469         
c7              = -0.624988         
c7_err          = 0.0217729         
m8              = 1.04078           
m8_err          = 0.041691          
c8              = -1.38885          
c8_err          = 0.0411729         
m9              = 1.60806           
m9_err          = 0.0631441         
c9              = -1.88274          
c9_err          = 0.0623593         
m10             = 1.40829           
m10_err         = 0.111201          
c10             = -2.17543          
c10_err         = 0.109819          
m11             = 0.888187          
m11_err         = 0.103125          
c11             = -2.11193          
c11_err         = 0.101843          
m12             = 1.55607           
m12_err         = 0.0706868         
c12             = -2.15255          
c12_err         = 0.0698083         
m13             = 1.33792           
m13_err         = 0.0659675         
c13             = -2.06379          
c13_err         = 0.0651476         
m14             = 1.67628           
m14_err         = 0.0621833         
c14             = -2.03226          
c14_err         = 0.0614104         
m15             = 2.00694           
m15_err         = 0.0518709         
c15             = -1.94263          
c15_err         = 0.0512262         
