m0              = 0.0               
m0_err          = 0.0               
c0              = 4.62497           
c0_err          = 0.0               
m1              = 0.285136          
m1_err          = 0.00305873        
c1              = -2.28755          
c1_err          = 0.00302072        
m2              = 0.991754          
m2_err          = 0.0187958         
c2              = -2.36934          
c2_err          = 0.0185622         
m3              = 1.6549            
m3_err          = 0.0462914         
c3              = -2.34422          
c3_err          = 0.045716          
m4              = 1.70186           
m4_err          = 0.0696065         
c4              = -2.13172          
c4_err          = 0.0687414         
m5              = 0.691296          
m5_err          = 0.0561643         
c5              = -1.39901          
c5_err          = 0.0554663         
m6              = 0.438585          
m6_err          = 0.0231919         
c6              = -0.628806         
c6_err          = 0.0229037         
m7              = 0.462089          
m7_err          = 0.0222499         
c7              = -0.629094         
c7_err          = 0.0219734         
m8              = 1.03457           
m8_err          = 0.0416113         
c8              = -1.40706          
c8_err          = 0.0410941         
m9              = 1.61481           
m9_err          = 0.0596228         
c9              = -1.88972          
c9_err          = 0.0588817         
m10             = 1.3959            
m10_err         = 0.111055          
c10             = -2.18278          
c10_err         = 0.109675          
m11             = 0.898053          
m11_err         = 0.102165          
c11             = -2.11931          
c11_err         = 0.100895          
m12             = 1.54787           
m12_err         = 0.0675167         
c12             = -2.15137          
c12_err         = 0.0666775         
m13             = 1.2984            
m13_err         = 0.0656336         
c13             = -2.07439          
c13_err         = 0.0648178         
m14             = 1.6614            
m14_err         = 0.0642957         
c14             = -2.06776          
c14_err         = 0.0634966         
m15             = 2.0197            
m15_err         = 0.0555808         
c15             = -2.00348          
c15_err         = 0.05489           
