m0              = 0.0               
m0_err          = 0.0               
c0              = 4.62497           
c0_err          = 0.0               
m1              = 0.666977          
m1_err          = 0.005514          
c1              = -1.67047          
c1_err          = 0.00544546        
m2              = 1.60679           
m2_err          = 0.0503749         
c2              = -1.67155          
c2_err          = 0.0497488         
m3              = 1.91974           
m3_err          = 0.0921531         
c3              = -1.52625          
c3_err          = 0.0910078         
m4              = 1.77595           
m4_err          = 0.0840152         
c4              = -1.0325           
c4_err          = 0.082971          
m5              = 1.2918            
m5_err          = 0.0457457         
c5              = -0.259485         
c5_err          = 0.0451772         
m6              = 0.824142          
m6_err          = 0.0217221         
c6              = 0.460265          
c6_err          = 0.0214521         
m7              = 0.813119          
m7_err          = 0.0211153         
c7              = 0.488942          
c7_err          = 0.0208529         
m8              = 1.20026           
m8_err          = 0.0361784         
c8              = -0.0645355        
c8_err          = 0.0357288         
m9              = 1.6098            
m9_err          = 0.0563876         
c9              = -0.582536         
c9_err          = 0.0556868         
m10             = 1.73768           
m10_err         = 0.0821664         
c10             = -0.933748         
c10_err         = 0.0811452         
m11             = 1.76557           
m11_err         = 0.093069          
c11             = -1.09436          
c11_err         = 0.0919122         
m12             = 1.78044           
m12_err         = 0.0882375         
c12             = -1.09684          
c12_err         = 0.0871408         
m13             = 1.7587            
m13_err         = 0.0772726         
c13             = -0.930821         
c13_err         = 0.0763122         
m14             = 1.7012            
m14_err         = 0.0550037         
c14             = -0.601616         
c14_err         = 0.0543201         
m15             = 1.52214           
m15_err         = 0.0335057         
c15             = -0.220524         
c15_err         = 0.0330893         
